# MODIS Terra GEOGRAPHIC METADATA TEXT FILE day 2022-07-24
# NFiles = 119, max geo IngestTime = 2022-07-24 15:27:38.515844
# GranuleID,StartDateTime,ArchiveSet,OrbitNumber,DayNightFlag,EastBoundingCoord,NorthBoundingCoord,SouthBoundingCoord,WestBoundingCoord,GRingLongitude1,GRingLongitude2,GRingLongitude3,GRingLongitude4,GRingLatitude1,GRingLatitude2,GRingLatitude3,GRingLatitude4
MOD03.A2022205.0000.061.2022205070354.hdf,2022-07-24 00:00,61,120194,N,-18.2359160941129,49.2570039386799,27.9029361189399,-50.5159190110847,-17.9374516963605,-41.9956450072546,-50.715443521194,-20.147813095746,31.2679409449027,27.8900796476163,44.9038664435595,49.5503836086339
MOD03.A2022205.0005.061.2022205070420.hdf,2022-07-24 00:05,61,120194,B,-20.0508439014228,67.1671031587828,44.8965399794234,-66.7730309763141,-19.5804585932155,-50.476764627251,-67.1482232177513,-20.0668616892322,49.1811918982542,44.8884701127562,60.3195659438647,67.4928391651518
MOD03.A2022205.0010.061.2022205070618.hdf,2022-07-24 00:10,61,120194,D,-1.59526348491973,85.0961863912142,60.412430107929,-104.581150898883,-19.1101840281723,-66.6791047298887,-104.817469549163,0.282948995991139,67.0015977076802,60.4097670704698,70.4303011209873,84.9064619954937
MOD03.A2022205.0015.061.2022205070835.hdf,2022-07-24 00:15,61,120194,D,180,89.9898888456341,67.226337712169,-180,1.1807995101383,-104.366425618704,-155.480938476382,137.827166476888,84.2704139302593,70.7296481047097,66.8924199330646,76.3368096768689
MOD03.A2022205.0020.061.2022205070446.hdf,2022-07-24 00:20,61,120194,D,-155.966973217699,77.0217019138931,53.6739334836448,137.339013060006,136.036665858227,-155.945571404516,178.968198584643,141.13371029983,76.7966803094348,67.2614651891531,53.4720085212348,58.6113904679919
MOD03.A2022205.0025.061.2022205070457.hdf,2022-07-24 00:25,61,120194,D,178.410411907397,59.0977658848792,37.2882280870998,139.981380331726,140.60290761902,178.411721091711,167.096088972827,139.973006866928,59.0937403446036,53.7381768063953,37.1677662432207,40.7941888571695
MOD03.A2022205.0030.061.2022205070439.hdf,2022-07-24 00:30,61,120194,D,166.657972778513,41.1898686100016,19.8866273101068,137.658609053181,139.726945331334,166.661883393527,160.113630813106,137.634680927228,41.2138269301743,37.3580212054689,19.8257927970192,22.8717302164074
MOD03.A2022205.0035.061.2022205070440.hdf,2022-07-24 00:35,61,120194,D,159.829151622886,23.1568976656897,2.17363980214007,134.519359798227,137.513449980484,159.834679901639,155.337185375406,134.501103610025,23.1876758403742,19.9578373458018,2.15394510158031,5.0870895105288
MOD03.A2022205.0040.061.2022205070439.hdf,2022-07-24 00:40,61,120194,D,155.216407034796,5.23994748530495,-15.7068912870253,130.380535745053,134.445078142789,155.276130193014,151.789764824658,130.37342784453,5.27042381097874,2.23742941141399,-15.764974516389,-12.6083988226957
MOD03.A2022205.0045.061.2022205070439.hdf,2022-07-24 00:45,61,120194,D,151.80107407309,-12.5347113752354,-33.6189170274255,124.587348444035,130.382056685013,152.019220518438,149.198277087918,124.579877879623,-12.5149745349265,-15.6529458104085,-33.8114001276923,-30.0614283418862
MOD03.A2022205.0050.061.2022205070444.hdf,2022-07-24 00:50,61,120194,D,149.232731906153,-29.9892343196458,-51.4817796199495,115.377837450152,124.612909150058,149.675703264288,147.653228229899,115.275664536793,-29.9739157171729,-33.5605628256495,-51.791736312348,-46.8016402791041
MOD03.A2022205.0055.061.2022205070528.hdf,2022-07-24 00:55,61,120194,B,148.52502929564,-46.7616002672067,-69.3199044537679,97.4423688018135,115.423616705242,148.309960903163,148.535388276973,97.1419191522484,-46.7524899664423,-51.3990045858796,-69.6271065515463,-61.7283490485878
MOD03.A2022205.0100.061.2022205071021.hdf,2022-07-24 01:00,61,120194,N,-177.43971813111,-61.7992891960221,-87.1649994478847,56.7953384008965,97.5584318708016,149.537837489288,-172.924652803798,56.6505512329505,-61.7943583125425,-69.1089319468061,-86.4130703926204,-70.5081146321699
MOD03.A2022205.0105.061.2022205071348.hdf,2022-07-24 01:05,61,120194,N,180,-65.7801300146517,-89.9857072238505,-180,57.0321816514615,-174.372540528221,-54.4113711072571,8.67215242977289,-70.8587589374674,-85.7425527782385,-74.3383256848844,-65.5118186874466
MOD03.A2022205.0110.061.2022205070720.hdf,2022-07-24 01:10,61,120194,N,8.27114557602374,-51.9206068166209,-75.0394463164316,-54.8202102170528,8.27300100069194,-55.8042294170342,-51.6594863504232,-14.5205825444139,-65.8309249842745,-74.8192407552425,-56.7056787933207,-51.7067814632261
MOD03.A2022205.0115.061.2022205070439.hdf,2022-07-24 01:15,61,120194,N,-15.1240771923316,-35.5253099966817,-57.1947742133523,-52.7861828706998,-15.1228772966404,-52.0281289986543,-52.7962863869056,-25.754745987215,-51.9897715308275,-57.1920605254786,-38.9631999988623,-35.3914405135536
MOD03.A2022205.0120.061.2022205070438.hdf,2022-07-24 01:20,61,120194,N,-26.2553281626558,-18.1550616285647,-39.3543634007338,-55.0624386026569,-26.2522392192749,-52.9052827539398,-55.0875265091111,-32.5393447190215,-35.5989476872826,-39.3741366128344,-21.0922121579484,-18.0816928883235
MOD03.A2022205.0125.061.2022205070430.hdf,2022-07-24 01:25,61,120194,N,-32.897867796982,-0.46297289134155,-21.3650526984019,-58.1981104505446,-32.8930444651507,-55.1049296395382,-58.2133998988445,-37.2581583173787,-18.2287359366125,-21.3859299649205,-3.33147246982255,-0.432456585768164
MOD03.A2022205.0130.061.2022205070348.hdf,2022-07-24 01:30,61,120194,N,-37.4616286508469,17.4187341754142,-3.46777165413296,-62.366277515913,-37.4557229673333,-58.1891783669142,-62.3978379456802,-40.8632536911924,-0.536447707933826,-3.48564326253406,14.3789051311929,17.495150751933
MOD03.A2022205.0135.061.2022205070357.hdf,2022-07-24 01:35,61,120195,N,-40.8821232969524,35.3595351922236,14.3122830553602,-68.2933183855411,-40.728844235563,-62.3538787155594,-68.4003967139018,-43.4982890430344,17.3578279077379,14.2965138269482,31.8296783674924,35.5636585101205
MOD03.A2022205.0140.061.2022205070356.hdf,2022-07-24 01:40,61,120195,N,-43.4626951979862,53.2758260112853,31.7865850999674,-77.915210842713,-43.1183051508007,-68.2677847961148,-78.1577003646454,-45.1023739278194,35.2962985301113,31.7746897868291,48.5586932464506,53.5917975004004
MOD03.A2022205.0145.061.2022205070433.hdf,2022-07-24 01:45,61,120195,B,-44.1721292675804,71.1923917954589,48.5692517497648,-97.3863059162579,-44.5548930873432,-77.8701909238695,-97.7910594422108,-44.1540166959836,53.1952314872737,48.5629158525392,63.3117632121054,71.4996855076156
MOD03.A2022205.0150.061.2022205070746.hdf,2022-07-24 01:50,61,120195,D,16.8556992188978,89.1215450230394,63.4394758023115,-141.782784516732,-42.8964086055091,-97.2628707676934,-141.812228347107,25.9080915271332,70.9766829241256,63.4344653064905,71.014277392851,87.4639910005218
MOD03.A2022205.0155.061.2022205091239.hdf,2022-07-24 01:55,61,120195,D,180,89.9876493140306,64.6609342842156,-180,17.4849911571386,-141.551091846328,171.994704541247,114.88595293433,86.9740859120118,71.3537022165566,64.3662539974034,72.3796663883118
MOD03.A2022205.0200.061.2022205090948.hdf,2022-07-24 02:00,61,120195,D,171.449483495608,72.9976301354825,50.1322769976024,114.597729441212,113.680225184335,171.452304826697,150.874958020997,116.332747295763,72.8600865830162,64.7131767874927,49.9497042144743,54.6183703506097
MOD03.A2022205.0205.061.2022205090944.hdf,2022-07-24 02:05,61,120195,D,150.333394091138,55.0793532854622,33.4562033092888,114.815093876443,115.871048030502,150.335396400172,140.533850970787,114.80075187646,55.088131952605,50.1984373142434,33.3504877852991,36.7934936762957
MOD03.A2022205.0210.061.2022205090934.hdf,2022-07-24 02:10,61,120195,D,140.127790235419,37.1653485202266,16.0239326820503,112.315366668953,114.595332485662,140.132131924863,134.209168638766,112.291110189811,37.1915136548597,33.5264902752037,15.9734636368322,18.9635600370714
MOD03.A2022205.0215.061.2022205090934.hdf,2022-07-24 02:15,61,120195,D,133.96100110813,19.219628501567,-1.82845723045741,108.970470049263,112.184809434226,133.966823483201,129.72812309012,108.954370729503,19.2514036285159,16.0949751948268,-1.8413662017601,1.11204086628299
MOD03.A2022205.0220.061.2022205090935.hdf,2022-07-24 02:20,61,120195,D,129.643905666579,1.23479138459483,-19.7253449752008,104.53982996343,108.910249484863,129.738774894161,126.416100186317,104.532487125639,1.26415121183257,-1.76856699822329,-19.814176592437,-16.5601926182978
MOD03.A2022205.0225.061.2022205090932.hdf,2022-07-24 02:25,61,120195,D,126.432474375951,-16.4867567344473,-37.6335277565242,98.1968246565099,104.55324551128,126.714017898509,124.044976464414,98.1831515774921,-16.4690287766022,-19.6734851233709,-37.8536504682813,-33.9005299029013
MOD03.A2022205.0230.061.2022205090931.hdf,2022-07-24 02:30,61,120195,D,124.081526530792,-33.8303460549033,-55.4808414617018,87.7277438901799,98.2248048689542,124.547365130791,122.803241542697,87.5791238542972,-33.8172858974316,-37.5696412608751,-55.8097932536475,-50.3783544490579
MOD03.A2022205.0235.061.2022205091054.hdf,2022-07-24 02:35,61,120195,B,124.895353017449,-50.3572654806726,-73.3242250489957,66.2068415924861,87.7821061971662,123.452227602139,124.965711276505,65.870751380327,-50.3495071914059,-55.3875260714765,-73.5948349880251,-64.5245317996708
MOD03.A2022205.0240.061.2022205091525.hdf,2022-07-24 02:40,61,120195,N,180,-64.6366676787441,-89.9857026836915,-180,66.356191664262,126.234180376185,-125.964211306328,19.6909173494085,-64.6305172591638,-73.0448637684207,-86.8449323395573,-70.665211353038
MOD03.A2022205.0245.061.2022205091439.hdf,2022-07-24 02:45,61,120195,N,19.8490223620817,-63.0947281419721,-88.879426045491,-135.007287268124,19.8533330887946,-137.471438810545,-77.6653231379731,-23.0215027174276,-71.0053217948572,-86.6999425396837,-70.4060783203167,-62.806787702853
MOD03.A2022205.0250.061.2022205091123.hdf,2022-07-24 02:50,61,120195,N,-23.58070948381,-48.3674418279648,-71.0333789903708,-77.9130610551193,-23.5790163360054,-78.6466794174295,-76.4809521200302,-42.4077453174711,-63.1528735987675,-70.8955780886395,-52.7276016320825,-48.1738438724522
MOD03.A2022205.0255.061.2022205090935.hdf,2022-07-24 02:55,61,120195,N,-42.9936664930872,-31.6987483084244,-53.1915054201332,-77.9377759424422,-42.99256812921,-76.7662499890302,-77.952934920311,-52.2571692318745,-48.4385822515295,-53.2022378938231,-34.9721148122166,-31.5794849006355
MOD03.A2022205.0300.061.2022205090929.hdf,2022-07-24 03:00,61,120195,N,-52.7283116127975,-14.2980159498346,-35.3388964622632,-80.4069164833647,-52.7270891609993,-78.0384250549673,-80.4301249581979,-58.4305036508746,-31.7729166756382,-35.3599077644815,-17.1876996964452,-14.2334463352965
MOD03.A2022205.0305.061.2022205090937.hdf,2022-07-24 03:05,61,120195,N,-58.7652675872581,3.54028998438258,-17.4311948977829,-83.7480337702644,-58.7598903256891,-80.4265465149121,-83.7597542961055,-62.8795313144707,-14.3715032390875,-17.4531538703141,0.648526811880308,3.56252156880847
MOD03.A2022205.0310.061.2022205090936.hdf,2022-07-24 03:10,61,120196,N,-63.0396530196884,21.4460614936796,0.5410091802302,-88.2228001993595,-63.0168947305269,-83.7381676537637,-88.2688375797806,-66.2700453237864,3.4691387652365,0.52280254141267,18.335690423372,21.5490741294202
MOD03.A2022205.0315.061.2022205090930.hdf,2022-07-24 03:15,61,120196,N,-66.2512163502012,39.3876476060042,18.2728582128998,-94.7292794076374,-66.0570885919151,-88.2082246882747,-94.8664891489785,-68.6827800039614,21.3863060142411,18.2579556403375,35.6728395999923,39.6188388677606
MOD03.A2022205.0320.061.2022205090944.hdf,2022-07-24 03:20,61,120196,N,-68.6443925549723,57.2961585968127,35.6394950504753,-105.756616648882,-68.2547835904329,-94.7024466807002,-106.037841176568,-69.9553003759931,39.3215345395484,35.6293412813136,52.1296742485281,57.6279379844808
MOD03.A2022205.0325.061.2022205090915.hdf,2022-07-24 03:25,61,120196,B,-67.2542770976224,75.218993025624,52.1593178667234,-129.333576762851,-69.2417721238418,-105.702348881148,-129.743610355601,-67.1516866850817,57.2018500017452,52.1542361371548,65.9919522146349,75.4759763482707
MOD03.A2022205.0330.061.2022205091320.hdf,2022-07-24 03:30,61,120196,D,180,89.9866150555543,66.1580958809628,-180,-65.887142201767,-129.193288611531,-179.00501905954,65.4893426134648,74.9295225189503,66.157350800018,70.7482703128249,85.6238454419615
MOD03.A2022205.0335.061.2022205091028.hdf,2022-07-24 03:35,61,120196,D,-178.994826713619,86.8992173767428,61.7756151594139,60.9029082123134,57.3413701041376,-178.992894602431,140.863816424259,91.0891500513503,85.8101043394456,71.1237034901571,61.4946640067509,68.4037144323465
MOD03.A2022205.0340.061.2022205090945.hdf,2022-07-24 03:40,61,120196,D,140.245194723141,68.9716459778246,46.4967817987163,90.8992686738673,90.1960820130345,140.254044080052,123.228831860798,91.4064574667542,68.8948231572693,61.8299747319962,46.3431180011955,50.6152749224301
MOD03.A2022205.0345.061.2022205090945.hdf,2022-07-24 03:45,61,120196,D,122.744811790963,51.0613169070954,29.5865876035274,89.7181001261581,91.1630870443695,122.747813108761,114.15400792633,89.6999966800038,51.0757964357136,46.5640693301965,29.4958273407479,32.7852939211792
MOD03.A2022205.0350.061.2022205090940.hdf,2022-07-24 03:50,61,120196,D,113.787054302207,33.1306582462619,12.0579053259791,86.9202446252022,89.4061100923531,113.78933727792,108.365428726751,86.8977803444088,33.1542597524561,29.6575924883582,12.0157743225424,14.9764470338536
MOD03.A2022205.0355.061.2022205103734.hdf,2022-07-24 03:55,61,120196,D,108.145242372,15.1946344321674,-5.75151146540028,83.3847406008538,86.8098490672325,108.148073514501,104.177477080519,83.3745949098308,15.2274082812364,12.1294689069724,-5.75637948405885,-2.76854676631753
MOD03.A2022205.0400.061.2022205103743.hdf,2022-07-24 04:00,61,120196,D,104.146088043061,-2.6749228047636,-23.746580340662,78.606079625161,83.3386980208797,104.289501773522,101.100076235039,78.5985074763444,-2.64712061072957,-5.69580931479489,-23.8664166311741,-20.4939731041558
MOD03.A2022205.0405.061.2022205103740.hdf,2022-07-24 04:05,61,120196,D,101.121396686512,-20.4204302119675,-41.6436413195702,71.6158497129545,78.621496193974,101.436685466791,98.9266237318956,71.5777403637583,-20.4040749895032,-23.6928548058205,-41.8921549537456,-37.6959688282462
MOD03.A2022205.0410.061.2022205103750.hdf,2022-07-24 04:10,61,120196,D,98.9657274971897,-37.6329863882427,-59.4809997019306,59.5678358961982,71.6483285711082,99.4801613745167,98.0992089055514,59.3777004032496,-37.6210801764325,-41.5752312357884,-59.8179146036068,-53.8510162566716
MOD03.A2022205.0415.061.2022205103930.hdf,2022-07-24 04:15,61,120196,B,102.446061998692,-53.8494068410263,-77.325834575424,33.5393632668197,59.6342437166596,98.7944468788375,102.657827822956,33.1934315397065,-53.8429336122893,-59.3675508846388,-77.5260026018434,-66.9449762721306
MOD03.A2022205.0420.061.2022205104409.hdf,2022-07-24 04:20,61,120196,N,180,-67.1060649890749,-89.9881807666243,-180,33.7235178323802,104.249012730092,-118.286590855821,-16.9415370637636,-67.1011176384076,-76.9370180264549,-83.7549749882875,-69.994996368178
MOD03.A2022205.0425.061.2022205104017.hdf,2022-07-24 04:25,61,120196,N,-17.0141050562095,-60.1062342707039,-84.8787783146788,-120.79175117055,-17.0121263969596,-123.608713108045,-101.612709697884,-53.5271036822505,-70.3582356595558,-84.0519054890295,-66.4548845204664,-59.8374824226878
MOD03.A2022205.0430.061.2022205103745.hdf,2022-07-24 04:30,61,120196,N,-54.133464268492,-44.7371765536423,-67.0325226313387,-101.773491064343,-54.1319343057389,-102.331676860988,-101.40877544929,-69.8480512977686,-60.1692362788968,-66.9514505417526,-48.7525725186081,-44.557312507443
MOD03.A2022205.0435.061.2022205103645.hdf,2022-07-24 04:35,61,120196,N,-70.4293318089999,-27.8422104044388,-49.1963845881154,-103.136716236816,-70.428318771659,-101.62893235117,-103.155903646482,-78.5945744199387,-44.8090470683377,-49.2127542667254,-30.9850785410247,-27.7405485423157
MOD03.A2022205.0440.061.2022205103648.hdf,2022-07-24 04:40,61,120196,N,-79.0210444687047,-10.338172741428,-31.3269297582248,-105.791670019614,-79.0170753579565,-103.21330637751,-105.813815531952,-84.255163056903,-27.9158587017944,-31.3483610754165,-13.2018570158346,-10.2856697926488
MOD03.A2022205.0445.061.2022205103638.hdf,2022-07-24 04:45,61,120196,N,-84.5462832656944,7.45917253705389,-13.4155710440579,-109.329690460368,-84.5409117056752,-105.792747424514,-109.336178668118,-88.4055095958008,-10.4116010829678,-13.4347002078764,4.52430333199062,7.47577401174393
MOD03.A2022205.0450.061.2022205103640.hdf,2022-07-24 04:50,61,120197,N,-88.5377806111532,25.4694857543791,4.44872916437567,-114.17244621692,-88.4770964374803,-109.320659483824,-114.233573947657,-91.604960014917,7.39228369807972,4.43145876287304,22.2692568095248,25.6039939181379
MOD03.A2022205.0455.061.2022205103729.hdf,2022-07-24 04:55,61,120197,N,-91.5813851890448,43.4082976258933,22.2109536355008,-121.376361399403,-91.3529038964414,-114.156073491155,-121.540975848301,-93.8260587742091,25.4093152526839,22.1967758441593,39.4710266605098,43.6652663839566
MOD03.A2022205.0500.061.2022205103749.hdf,2022-07-24 05:00,61,120197,N,-93.7857683209711,61.314688284534,39.4490743666246,-134.185146779537,-93.33038243151,-121.342550581182,-134.48587617225,-94.6522923039305,43.338916311623,39.4393286520728,55.5844476778802,61.6517109394129
MOD03.A2022205.0505.061.2022205103809.hdf,2022-07-24 05:05,61,120197,B,-89.1696398171767,79.2417810623386,55.6289615117684,-162.859275588896,-93.8918797434668,-134.117630917839,-163.270491790731,-88.7987883094,61.199597717128,55.6246395917808,68.2293333636913,79.4173933382657
MOD03.A2022205.0510.061.2022205104316.hdf,2022-07-24 05:10,61,120197,D,180,89.9865124464174,68.4646891425861,-180,-87.2531417303634,-162.685395444015,144.608481425408,56.8168305354487,78.8362911513278,68.4618172563096,69.6792443481883,81.998536528474
MOD03.A2022205.0515.061.2022205103837.hdf,2022-07-24 05:15,61,120197,D,144.402071040132,82.8761583407402,58.598470599891,55.4180298258796,53.1016208737786,144.404122214564,110.904681720954,66.7970470316401,82.3775460728293,70.0453949971885,58.3563390090061,64.4201208967179
MOD03.A2022205.0520.061.2022205103843.hdf,2022-07-24 05:20,61,120197,D,110.310212822837,64.9496131839916,42.7979240407272,66.3558351825631,66.0718237912366,110.313758957707,96.0374043444802,66.3586973911822,64.9086497782307,58.6597670439569,42.6452870578576,46.6181357014568
MOD03.A2022205.0525.061.2022205103747.hdf,2022-07-24 05:25,61,120197,D,95.5245132761371,47.0440595200194,25.6899216536312,64.3716565731131,66.0780226581645,95.5296876543829,87.9116581990223,64.3522387116725,47.0660204344879,42.8649750782822,25.6181565118105,28.7829748895081
MOD03.A2022205.0530.061.2022205103750.hdf,2022-07-24 05:30,61,120197,D,87.6044560789063,29.1085888061397,8.07669236318436,61.4859186613629,64.1756682679964,87.6096608988153,82.6049667776371,61.4640867309265,29.1372981200628,25.7609139186359,8.04553203459579,10.9795660980093
MOD03.A2022205.0535.061.2022205103735.hdf,2022-07-24 05:35,61,120197,D,82.4311354057847,11.1755652502143,-9.76424237932493,57.7248930240881,61.3898553415869,82.4374650318718,78.6817928976147,57.7181692790362,11.2069400039139,8.14831455626333,-9.77764638358608,-6.73384544021727
MOD03.A2022205.0540.061.2022205103734.hdf,2022-07-24 05:40,61,120197,D,78.6784198797266,-6.66001020316978,-27.6755285610136,52.5961707125524,57.69573648493,78.8546807295543,75.8277638784007,52.5883357365536,-6.63482356835456,-9.71019689646951,-27.8247464859018,-24.3175298670927
MOD03.A2022205.0545.061.2022205103746.hdf,2022-07-24 05:45,61,120197,D,75.8555157529941,-24.2448364024532,-45.6477828735593,44.800803957082,52.6160855114134,76.2164010504537,73.8658958763731,44.7392324606998,-24.2293600842957,-27.6205691534359,-45.9239904830436,-41.4422084066235
MOD03.A2022205.0550.061.2022205103753.hdf,2022-07-24 05:50,61,120197,D,73.9061134938403,-41.3874024868731,-63.4809890272216,30.7674591454486,44.839233978417,74.4731029688833,73.5857573908233,30.5321088375905,-41.3766181124988,-45.573773014066,-63.8143420199743,-57.1883543785909
MOD03.A2022205.0555.061.2022205124824.hdf,2022-07-24 05:55,61,120197,B,82.4389403613236,-57.2112261985512,-81.3258298560418,-0.740861401209954,30.8486090505627,74.3310142190072,83.0449155031871,-1.04862416926168,-57.2060002534997,-63.3375974395386,-81.3871096035523,-68.8707848126911
MOD03.A2022205.0600.061.2022205125249.hdf,2022-07-24 06:00,61,120197,N,180,-68.9221852657701,-89.9891544050518,-180,-0.521558334141543,84.8718386230613,-133.560068046341,-52.4362159413033,-69.083494740859,-80.7542494081092,-80.0190411003029,-68.5826786321059
MOD03.A2022205.0605.061.2022205124816.hdf,2022-07-24 06:05,61,120197,N,-52.7192134528954,-56.8952990768343,-80.8790757832758,-134.548746181024,-52.7172003534031,-136.300897221571,-125.950982281476,-83.0424954538342,-68.9562148656573,-80.4329135683224,-62.4962467606251,-56.6492419225019
MOD03.A2022205.0610.061.2022205124602.hdf,2022-07-24 06:10,61,120197,N,-83.6618459065941,-41.0292984606072,-63.0328703298809,-126.417241787371,-83.6604643449795,-126.491856531533,-126.417082827628,-96.9423927255905,-56.9618416448204,-62.9923618081761,-44.7745415510124,-40.8711231032354
MOD03.A2022205.0615.061.2022205124527.hdf,2022-07-24 06:15,61,120197,N,-97.483420455146,-23.956905662481,-45.1981037145639,-128.378711874615,-97.4811038206223,-126.586136414423,-128.40036441582,-104.760576316342,-41.1018620534093,-45.215610305738,-26.9992562050971,-23.8650365013002
MOD03.A2022205.0620.061.2022205124533.hdf,2022-07-24 06:20,61,120197,N,-105.170078812765,-6.36679810313209,-27.3131856052471,-131.219332654232,-105.165764325389,-128.434861551809,-131.239540512797,-110.01012796422,-24.030476619164,-27.3346830806009,-9.21933762612465,-6.32366997056957
MOD03.A2022205.0625.061.2022205124528.hdf,2022-07-24 06:25,61,120197,N,-110.267039843555,11.471193762406,-9.40212264954657,-134.992069346155,-110.26143664435,-131.212417521801,-135.004510147711,-113.924629107523,-6.44049997684963,-9.42039723429557,8.50624681691703,11.5091146020053
MOD03.A2022205.0630.061.2022205124525.hdf,2022-07-24 06:30,61,120198,N,-114.012272731157,29.405623019734,8.43537023997749,-140.207146714283,-113.917554539526,-134.981768392182,-140.285091853822,-116.890121183826,11.4070328747396,8.41874822421839,26.0942578979061,29.5674574656473
MOD03.A2022205.0635.061.2022205124522.hdf,2022-07-24 06:35,61,120198,N,-116.860282830197,47.4266568101145,26.0413154532511,-148.295336778583,-116.587752263998,-140.186512350258,-148.475988200304,-118.90696541691,29.3448858725815,26.0281030624735,43.2189291935217,47.7104786246512
MOD03.A2022205.0640.061.2022205124532.hdf,2022-07-24 06:40,61,120198,B,-118.863936330879,65.3354115797917,43.2046782551261,-163.332057018813,-118.35391414545,-148.255815877415,-163.688149267301,-119.154929669629,47.3529643760699,43.1953422717804,58.8815688800189,65.666054802248
MOD03.A2022205.0645.061.2022205124559.hdf,2022-07-24 06:45,61,120198,D,-106.929480609571,83.2640891313269,58.9586611242769,161.862736424789,-118.244653888186,-163.249088830631,161.560146262136,-105.942318501125,65.1879379821631,58.9553072871117,69.9022400639022,83.2512101495418
MOD03.A2022205.0650.061.2022205124956.hdf,2022-07-24 06:50,61,120198,D,180,89.9859877483918,68.2261125980813,-180,-104.512024421553,162.067767772212,109.721233993208,37.5752713139095,82.6320961430007,70.1768467888599,67.8926004085608,78.1252452682957
MOD03.A2022205.0655.061.2022205124709.hdf,2022-07-24 06:55,61,120198,D,109.319469170819,78.8540652660708,55.2480143203462,36.9365066406666,35.4058227699433,109.322502397867,81.8309084866073,42.2373874279216,78.5687579090044,68.2651674552102,55.0352648412755,60.4317876156933
MOD03.A2022205.0700.061.2022205124721.hdf,2022-07-24 07:00,61,120198,D,81.2613279909882,60.930100395297,39.0466439999514,41.2781266589304,41.6551321318498,81.2626418646163,69.130758629114,41.272737205718,60.9169697111943,55.3124456286268,38.8965570950214,42.6206551805134
MOD03.A2022205.0705.061.2022205124719.hdf,2022-07-24 07:05,61,120198,D,68.6074111573323,43.0245626826223,21.7698035830778,39.0725719735988,41.0265012359392,68.6480997806755,61.8204872273666,39.0473565056094,43.0525386199176,39.1005298460731,21.7107184974521,24.7813793091922
MOD03.A2022205.0710.061.2022205124712.hdf,2022-07-24 07:10,61,120198,D,61.5529342276543,25.083567571748,4.08784069184866,36.0318179347695,38.9323199682269,61.5583455751244,56.9092806427871,36.0162705654257,25.111488988414,21.8409251922283,4.06478676467309,6.99315600130727
MOD03.A2022205.0715.061.2022205124701.hdf,2022-07-24 07:15,61,120198,D,56.7723559091955,7.15812229696287,-13.7797167325428,32.0262264821077,35.9519132846738,56.8116844739261,53.2427881038534,32.0178450662258,7.18656304050646,4.15488212903191,-13.8253941732949,-10.7102003205468
MOD03.A2022205.0720.061.2022205124700.hdf,2022-07-24 07:20,61,120198,D,53.2523766988777,-10.6368844975872,-31.6915259111135,26.4646540364652,32.0136372126912,53.4672380674995,50.5823241766875,26.4570481879471,-10.6174507424908,-13.7265918075902,-31.8718038427879,-28.2089224901996
MOD03.A2022205.0725.061.2022205124704.hdf,2022-07-24 07:25,61,120198,D,50.6141978647605,-28.137034416375,-49.5601786418,17.7554549635052,26.486728537878,51.0118018152955,48.8783850747158,17.6938731115844,-28.1250063613017,-31.6331018730499,-49.861901133929,-45.0589691239416
MOD03.A2022205.0730.061.2022205124644.hdf,2022-07-24 07:30,61,120198,B,49.3407704845027,-45.0048858298222,-67.4826065622136,1.14528747125602,17.7970878759394,49.5371120515729,49.3346863113207,0.861572233100377,-44.9951616759328,-49.4799762474545,-67.8026366714795,-60.3499756816909
MOD03.A2022205.0735.061.2022205124920.hdf,2022-07-24 07:35,61,120198,N,70.0674789073898,-60.4040789642664,-85.3274271585974,-36.5925590028055,1.24540396589696,50.2001754985021,72.2677118772392,-36.7911224398048,-60.3998755007979,-67.2970372055733,-85.0225298856768,-70.1621805610128
MOD03.A2022205.0740.061.2022205125232.hdf,2022-07-24 07:40,61,120198,N,180,-66.8851436263466,-89.9868084397139,-180,-36.3472191538423,73.3710593695206,-154.371288801824,-86.4048206981325,-70.433943466098,-84.3381257900019,-76.1415891000733,-66.5610600552007
MOD03.A2022205.0745.061.2022205124737.hdf,2022-07-24 07:45,61,120198,N,-86.8436352487002,-53.5167483038765,-76.8768637783954,-154.881486316816,-86.8417141262263,-156.018534718771,-150.535636811776,-111.777635792983,-66.9304372938832,-76.6053081698538,-58.5279365911758,-53.2924212502659
MOD03.A2022205.0750.061.2022205124538.hdf,2022-07-24 07:50,61,120198,N,-112.393164845449,-37.2679086497027,-59.0304633339251,-151.483851596081,-112.391912275434,-150.950547352521,-151.4912518941,-123.760450736569,-53.5858292273366,-59.0184022481488,-40.7901930827893,-37.1261560459093
MOD03.A2022205.0755.061.2022205152045.hdf,2022-07-24 07:55,61,120198,N,-124.274297808049,-20.0429215375069,-41.1920292676111,-153.662892561792,-124.271438577253,-151.619542568142,-153.685959098129,-130.821597001799,-37.3410450977267,-41.2112412667554,-23.0082236536058,-19.9634407825021
MOD03.A2022205.0800.061.2022205151957.hdf,2022-07-24 08:00,61,120198,N,-131.198517861053,-2.37980989927034,-23.294222420508,-156.694329897301,-131.193845677182,-153.70234821099,-156.711704883304,-135.702328941922,-20.11676274973,-23.3154718609196,-5.23717568171248,-2.34533485751832
MOD03.A2022205.0805.061.2022205152136.hdf,2022-07-24 08:05,61,120198,N,-135.923849796754,15.4914044259315,-5.38912641501159,-160.72727927044,-135.91803690439,-156.686208317199,-160.752884734783,-139.404278988773,-2.45313194312251,-5.40716840524379,12.4813283105212,15.5549466466045
MOD03.A2022205.0810.061.2022205152026.hdf,2022-07-24 08:10,61,120199,N,-139.445178313789,33.4323793612837,12.4134067627202,-166.405684832902,-139.309895192084,-160.715632564224,-166.502306328238,-142.146253158315,15.4297041459674,12.3974135330951,29.9824628384058,33.6233848840045
MOD03.A2022205.0815.061.2022205152016.hdf,2022-07-24 08:15,61,120199,N,-142.11259711619,51.3560461363902,29.9354772870829,-175.466975663689,-141.788727293557,-166.381954776106,-175.681601774774,-143.887771228861,33.3705040306185,29.9232339123131,46.8251955870991,51.6619287587331
MOD03.A2022205.0820.061.2022205152028.hdf,2022-07-24 08:20,61,120199,B,-143.375954598154,69.3585460848243,46.8245281757918,166.572344786782,-143.31289162128,-175.424455721691,166.174280516264,-143.376882770189,51.2778919008863,46.8171554990452,61.9824839465568,69.6768469402551
MOD03.A2022205.0825.061.2022205152206.hdf,2022-07-24 08:25,61,120199,D,-109.694023618748,87.2883862896357,62.0945373207452,125.11861706693,-142.277515845515,166.678583194984,124.986749460651,-105.069231234171,69.1682409881162,62.0903002711443,70.8541627169634,86.6349026568962
MOD03.A2022205.0830.061.2022205152430.hdf,2022-07-24 08:30,61,120199,D,180,89.9880973616012,65.8740123604912,-180,-106.822117422324,125.34487207003,76.4686424989476,15.3325153520083,86.0031648092585,71.1796879119607,65.5718882036458,74.1844708648183
MOD03.A2022205.0835.061.2022205152056.hdf,2022-07-24 08:35,61,120199,D,75.9697054916335,74.8303325455116,51.7575602197042,14.9783562775359,13.8654327211711,75.9715710059625,53.4692126695082,17.4832207945538,74.6551141149023,65.9214523209135,51.565771387296,56.4382703897468
MOD03.A2022205.0840.061.2022205152132.hdf,2022-07-24 08:40,61,120199,D,52.9137746204668,56.9103991976677,35.2089514060385,16.1358297521414,17.004534293987,52.9167028781732,42.4686181404657,16.1245286831009,56.9157971525659,51.8239747144002,35.0958790915631,38.6170988455995
MOD03.A2022205.0845.061.2022205152239.hdf,2022-07-24 08:45,61,120199,D,42.0472086501111,39.0006195360746,17.8286922234952,13.7332914506753,15.9165526368788,42.0494296293718,35.8677210823853,13.7092856758484,39.0256869918685,35.2782565964508,17.7732722490844,20.7870094819068
MOD03.A2022205.0850.061.2022205152306.hdf,2022-07-24 08:50,61,120199,D,35.599909909353,21.0563811411338,0.0910170645407812,10.4894376375907,13.5948970008039,35.6056330486301,31.2620623054525,10.4752233424076,21.0876369961171,17.9001619628828,0.0728285231894659,3.01430995206112
MOD03.A2022205.0855.061.2022205152234.hdf,2022-07-24 08:55,61,120199,D,31.146105263649,3.1511366526123,-17.7984694313211,6.19874525925249,10.4184204429771,31.2291763122903,27.8294313833082,6.19151002696895,3.18369662608869,0.1516745149596,-17.8708447951634,-14.6669767730578
MOD03.A2022205.0900.061.2022205152312.hdf,2022-07-24 09:00,61,120199,D,27.8440824482665,-14.5936226319669,-35.7092183774252,0.128958481851006,6.20748171880158,28.1205876210545,25.3807330872798,0.120648789623838,-14.5733523824029,-17.7482377708888,-35.9144177838459,-32.0618139369388
MOD03.A2022205.0905.061.2022205152218.hdf,2022-07-24 09:05,61,120199,D,25.4155750041837,-31.9899298242513,-53.5610167325654,-9.69898574202489,0.15510659565647,25.8575974612393,23.9728858283779,-9.82919224112906,-31.9763518545409,-35.6472098380572,-53.8828347118922,-48.6693887527466
MOD03.A2022205.0910.061.2022205152344.hdf,2022-07-24 09:10,61,120199,B,25.5072425192329,-48.6401416118929,-71.4012635144308,-29.3890409173017,-9.64880090793843,24.6795074105541,25.5454160187563,-29.7125172105307,-48.6316896057931,-53.4729470656031,-71.688612243708,-63.2177641412335
MOD03.A2022205.0915.061.2022205152630.hdf,2022-07-24 09:15,61,120199,N,91.071953943485,-63.3102145144777,-89.3339699930992,-73.5468482804812,-29.2623773590232,26.5502906225986,100.210811774011,-73.5621090908414,-63.3069429551326,-71.158014397097,-87.3042710082682,-70.6928687239466
MOD03.A2022205.0920.061.2022205152709.hdf,2022-07-24 09:20,61,120199,N,180,-64.3702475054226,-89.985949443649,-180,-73.293034216152,91.3236908238438,-177.109440561168,-118.83229725049,-71.0140889378435,-86.79762277229,-72.2146639534007,-64.0674185900093
MOD03.A2022205.0925.061.2022205152206.hdf,2022-07-24 09:25,61,120199,N,-119.368804779148,-50.0083821896702,-72.8697372394423,-177.408752562341,-119.367035635796,-178.235266397201,-175.2940998473,-139.89854862107,-64.4239703447086,-72.6989543505209,-54.5512236139758,-49.8045104028369
MOD03.A2022205.0930.061.2022205152003.hdf,2022-07-24 09:30,61,120199,N,-140.500128970859,-33.4569261944892,-55.0253345227293,-176.6112317708,-140.498986223774,-175.61474758852,-176.624087086765,-150.351472839435,-50.0793369843323,-55.0313083451131,-36.7997647403817,-33.3308138490028
MOD03.A2022205.0935.061.2022205152001.hdf,2022-07-24 09:35,61,120199,N,-150.83552851306,-16.1040305739743,-37.1776974959063,-178.990190508551,-150.832184292923,-176.718523824683,-179.013586148123,-156.778483608576,-33.5301558290117,-37.1980567010255,-19.0141311359286,-16.0361128895133
MOD03.A2022205.0940.061.2022205151949.hdf,2022-07-24 09:40,61,120199,N,-157.122006322067,1.62137536706465,-19.2713763924666,177.779859979028,-157.117029240039,-179.014152881831,177.766226636661,-161.336779931183,-16.1777417844154,-19.292014524642,-1.2569912344931,1.64793957830796
MOD03.A2022205.0945.061.2022205152007.hdf,2022-07-24 09:45,61,120200,N,-161.521539768822,19.5179132047239,-1.37775717052427,173.455699599875,-161.515542485669,177.788839136177,173.416876964662,-164.842313716723,1.54781710280752,-1.39549030588435,16.4453064662577,19.6079977829664
MOD03.A2022205.0950.061.2022205152031.hdf,2022-07-24 09:50,61,120200,N,-164.836003525479,37.4616597597794,16.3805320446206,167.234055780172,-164.658821347898,173.469338220624,167.116300232124,-167.356192694143,19.4581604362868,16.3652007086435,33.8416281716157,37.6803436573469
