# MODIS Terra GEOGRAPHIC METADATA TEXT FILE day 2022-07-25
# NFiles = 119, max geo IngestTime = 2022-07-25 15:22:08.311176
# GranuleID,StartDateTime,ArchiveSet,OrbitNumber,DayNightFlag,EastBoundingCoord,NorthBoundingCoord,SouthBoundingCoord,WestBoundingCoord,GRingLongitude1,GRingLongitude2,GRingLongitude3,GRingLongitude4,GRingLatitude1,GRingLatitude2,GRingLatitude3,GRingLatitude4
MOD03.A2022206.0000.061.2022206130739.hdf,2022-07-25 00:00,61,120208,B,163.067847624947,-48.8946073415793,-71.6849490140024,107.656428652511,127.657450758549,162.170507853214,163.11668366004,107.333269639771,-48.8863004399127,-53.7554409854075,-71.9706059200939,-63.4155392894119
MOD03.A2022206.0005.061.2022206074728.hdf,2022-07-25 00:05,61,120208,N,-127.475823647855,-63.5079660678054,-89.5292514528095,63.3599839868606,107.783513630058,164.175427244912,-118.233223245162,63.3543758425319,-63.5043355546134,-71.4363765133612,-87.3012053982704,-70.6953910073027
MOD03.A2022206.0010.061.2022206074736.hdf,2022-07-25 00:10,61,120208,N,180,-64.1746990603266,-89.9866967252828,-180,63.6041747711375,-127.788156759594,-39.4927914350215,18.1324935890875,-71.0590548089848,-86.8309032992046,-71.9301065374597,-63.9038728592254
MOD03.A2022206.0015.061.2022206074257.hdf,2022-07-25 00:15,61,120208,N,17.6538955348476,-49.755820607328,-72.5871887451646,-39.7944135427512,17.6556528999881,-40.6099762873222,-37.7957328818902,-2.60193597457999,-64.2301747973701,-72.4215378944895,-54.2716836152258,-49.5540567791341
MOD03.A2022206.0020.061.2022206074119.hdf,2022-07-25 00:20,61,120208,N,-3.19704035442626,-33.1867875406395,-54.7442715210119,-39.1340487820134,-3.19590467974981,-38.1106803559467,-39.1472661161945,-12.9558203617914,-49.8263405625298,-54.7510352278722,-36.5210025214688,-33.0621191202717
MOD03.A2022206.0025.061.2022206074113.hdf,2022-07-25 00:25,61,120208,N,-13.4385356696816,-15.8281940149383,-36.8975637685479,-41.5239050374107,-13.4351588573127,-39.2368352091022,-41.5471820690679,-19.3439705279889,-33.2604376704946,-36.9179875812038,-18.7370592152688,-15.7611641168824
MOD03.A2022206.0030.061.2022206074116.hdf,2022-07-25 00:30,61,120208,N,-19.6821706881259,1.8991428449382,-18.9917976984169,-44.7701564358482,-19.6771892919728,-41.5493248938269,-44.7834388350014,-23.878480569268,-15.9018611372548,-19.0123423429341,-0.983200319606398,1.9252707213415
MOD03.A2022206.0035.061.2022206074117.hdf,2022-07-25 00:35,61,120209,N,-24.0632657255997,19.7955853634689,-1.10184310571781,-49.1168281399288,-24.0572556811756,-44.7627403079859,-49.1575755208411,-27.3735202976836,1.82566603602587,-1.11969453299099,16.715705258406,19.8875142604052
MOD03.A2022206.0040.061.2022206074156.hdf,2022-07-25 00:40,61,120209,N,-27.3630143640505,37.7377546699272,16.6516476501342,-55.3758172221396,-27.1857577420108,-49.1011106566164,-55.4968164903492,-29.8725532246083,19.7352304982287,16.6362939918404,34.1030184023823,37.9579363764856
MOD03.A2022206.0045.061.2022206074156.hdf,2022-07-25 00:45,61,120209,N,-29.8380569222884,55.6496245250789,34.0644383903842,-65.7854333578388,-29.4654845610959,-55.3505146951079,-66.057064116696,-31.2932819726568,37.6730263587815,34.0530576832161,50.6778484162038,55.9756305961869
MOD03.A2022206.0050.061.2022206074320.hdf,2022-07-25 00:50,61,120209,B,-29.4909452920888,73.570834075557,50.7034454170923,-87.5621299373378,-30.6780656559822,-65.7329384065485,-87.9723223290174,-29.4331750444035,55.5622022306067,50.6974214906673,64.9425171203378,73.854823237699
MOD03.A2022206.0055.061.2022206074759.hdf,2022-07-25 00:55,61,120209,D,180,89.9905723799524,65.0906866234843,-180,-28.1144008003158,-87.4274822877571,-135.319803100321,87.1487992458416,73.3167338227626,65.0872652307483,70.9617018913131,86.8357068850985
MOD03.A2022206.0100.061.2022206074549.hdf,2022-07-25 01:00,61,120209,D,-135.202617411456,88.546451129994,62.915216674696,78.7668916226908,75.7113270520921,-135.200792079491,-178.174867953945,129.469713830071,86.8060173079399,71.3221284904054,62.6390901850636,69.94295299207
MOD03.A2022206.0105.061.2022206074258.hdf,2022-07-25 01:05,61,120209,D,-178.742092756206,70.5291134382122,47.9117581012575,129.254317548469,128.401756160653,-178.740409810138,162.958371775698,130.108030012145,70.4268179834868,62.9710790539374,47.7410963235241,52.1655197161038
MOD03.A2022206.0110.061.2022206074254.hdf,2022-07-25 01:10,61,120209,D,162.432505202228,52.6149231521487,31.0856377313072,128.43334471035,129.71467085969,162.434925430014,153.40496081802,128.416592534993,52.6292043829291,47.9785212535596,30.9888433560706,34.3350410662665
MOD03.A2022206.0115.061.2022206074205.hdf,2022-07-25 01:15,61,120209,D,153.020430485628,34.6935146192098,13.5900080361903,125.819526173789,128.229385934422,153.025014010527,147.417792119832,125.795568337347,34.7207700997695,31.1559615148478,13.5457412585025,16.5101357829263
MOD03.A2022206.0120.061.2022206074202.hdf,2022-07-25 01:20,61,120209,D,147.191452066294,16.748544251241,-4.2026337644393,122.374956894816,125.717482872883,147.197441959703,143.134437072468,122.367195295339,16.7786782878725,13.6610187031443,-4.21168257894409,-1.2395214484032
MOD03.A2022206.0125.061.2022206074157.hdf,2022-07-25 01:25,61,120209,D,143.073234274868,-1.13625811080902,-22.1064514843497,117.742178660677,122.31169508843,143.192086645925,139.959618563577,117.734684536681,-1.10664599434512,-4.14476242434377,-22.2153387024463,-18.8915740964904
MOD03.A2022206.0130.061.2022206074203.hdf,2022-07-25 01:30,61,120209,D,139.981116292431,-18.8189258185122,-40.0094342080953,111.029353362411,117.759005362906,140.287455995904,137.709976277706,111.003787267633,-18.8017532367994,-22.0542957475,-40.2460348700766,-36.154023412242
MOD03.A2022206.0135.061.2022206074159.hdf,2022-07-25 01:35,61,120209,D,137.745622663664,-36.0865662604328,-57.8496079422833,99.6637688070008,111.057444136649,138.240726444247,136.697262464344,99.4925535488912,-36.0740617920066,-39.9426293472877,-58.1846942146422,-52.4479354689297
MOD03.A2022206.0140.061.2022206074333.hdf,2022-07-25 01:40,61,120209,B,140.02069349927,-52.4385789006399,-75.6942211149858,75.5948820547963,99.7282105259643,137.405812136396,140.160811419063,75.2489188148286,-52.4316167873688,-57.7451976990776,-75.9261707106224,-66.0089725892969
MOD03.A2022206.0145.061.2022206074828.hdf,2022-07-25 01:45,61,120209,N,180,-66.1468364365356,-89.9863988394155,-180,75.7582507009882,141.508729893778,-87.6444398501746,26.4506786377231,-66.1421802570309,-75.358093575102,-85.1765306834636,-70.3604780183703
MOD03.A2022206.0150.061.2022206074519.hdf,2022-07-25 01:50,61,120209,N,26.470739683871,-61.3544182773973,-86.5103768245926,-91.7909808754054,26.4726544516012,-95.2652597641766,-63.2352049359131,-12.6680198394037,-70.7178163383517,-85.3555231580434,-68.0690517695839,-61.0778494755025
MOD03.A2022206.0155.061.2022206092251.hdf,2022-07-25 01:55,61,120209,N,-13.254597363161,-46.143600562855,-68.6651650931385,-63.4245340573394,-13.2530021798281,-64.0669371081495,-62.688734148512,-30.2067209365127,-61.4145797186436,-68.5625520027091,-50.2863917563055,-45.9604033215002
MOD03.A2022206.0200.061.2022206092144.hdf,2022-07-25 02:00,61,120209,N,-30.7834984761318,-29.3342470729167,-50.7394304294235,-64.3057838399912,-30.7820427468311,-62.9191846393103,-64.3255591846446,-39.347291925307,-46.215389345437,-50.7535345072916,-32.5257167104882,-29.2241919881832
MOD03.A2022206.0205.061.2022206092144.hdf,2022-07-25 02:05,61,120209,N,-39.7985872123063,-11.8711086960682,-32.8768124114935,-66.8979224281646,-39.794775766207,-64.3985158380331,-66.9200786852928,-45.2041361423762,-29.4081791844877,-32.8972883004135,-14.7429984382149,-11.8122393007705
MOD03.A2022206.0210.061.2022206092140.hdf,2022-07-25 02:10,61,120209,N,-45.5240052915669,5.91016510740244,-14.9673661061312,-70.3505902513419,-45.5177857856886,-66.9051716586527,-70.3605799581364,-49.4702704300234,-11.9447048277935,-14.988056338371,2.99341087073081,5.92746987736807
MOD03.A2022206.0215.061.2022206092143.hdf,2022-07-25 02:15,61,120210,N,-49.6027119968527,23.8253862496007,2.90456683100735,-75.0313355182465,-49.5641361845035,-70.3433415872196,-75.0841153430426,-52.7312753147183,5.84061203526265,2.88754840050177,20.6632824166516,23.9469329195954
MOD03.A2022206.0220.061.2022206092145.hdf,2022-07-25 02:20,61,120210,N,-52.7075075137668,41.765156540075,20.6030883444141,-81.9350145531027,-52.4893920955353,-75.0133958524407,-82.0862350672189,-55.0263869735221,23.7655210749902,20.5886669739299,37.9230308610363,42.0122578257445
MOD03.A2022206.0225.061.2022206092151.hdf,2022-07-25 02:25,61,120210,N,-54.9890486060735,59.6716208641149,37.8956524007233,-93.9681437613823,-54.5652542979813,-81.904056465602,-94.259459968433,-56.058598857701,41.6975880045653,37.886317817495,54.1859822712416,60.008718124162
MOD03.A2022206.0230.061.2022206092226.hdf,2022-07-25 02:30,61,120210,B,-52.0844443031497,77.5967851094991,54.224446930289,-120.422041851291,-55.389694783342,-93.9034360551827,-120.844620312366,-51.8936704618023,59.567396745278,54.2199829188141,67.3732906825345,77.818869284543
MOD03.A2022206.0235.061.2022206092634.hdf,2022-07-25 02:35,61,120210,D,180,89.9877143424197,67.5789409489623,-180,-50.3029803441064,-120.259419337321,-172.143796330154,91.1579166322013,77.2483792971358,67.5766600377252,70.2073980376545,83.5395447832552
MOD03.A2022206.0240.061.2022206092249.hdf,2022-07-25 02:40,61,120210,D,-172.265602723496,84.5212720149777,59.9158531221842,89.0218850946571,86.2947824280616,-172.26357718915,151.557626752949,105.31654294871,83.8692826478425,70.5769306907621,59.6629716842223,66.0506224158952
MOD03.A2022206.0245.061.2022206092242.hdf,2022-07-25 02:45,61,120210,D,150.952423081262,66.5937994852654,44.2311755330657,105.12989069927,104.519847224598,150.968476274143,135.594856967628,105.13824421995,66.5389076029987,59.9749334393259,44.0786292948347,48.163607972426
MOD03.A2022206.0250.061.2022206092335.hdf,2022-07-25 02:50,61,120210,D,135.093735577528,48.5980154969142,27.1996033998741,103.22187233392,104.821838309249,135.098958133055,127.124655744064,103.201276480469,48.6154238195196,44.2987657987611,27.1172482356952,30.3326216581096
MOD03.A2022206.0255.061.2022206092332.hdf,2022-07-25 02:55,61,120210,D,126.779039303024,30.6644689340282,9.61607080519163,100.39901504781,103.011883093621,126.783996186026,121.624938746769,100.37660216238,30.6921477150648,27.270328206481,9.58111433134306,12.521398436227
MOD03.A2022206.0300.061.2022206092329.hdf,2022-07-25 03:00,61,120210,D,121.434858022475,12.7277210603331,-8.21349251458914,96.7271516804522,100.297813628561,121.441076973701,117.606609922232,96.7205056090821,12.7593659909198,9.68744767780558,-8.21740550130043,-5.19687503439395
MOD03.A2022206.0305.061.2022206092331.hdf,2022-07-25 03:05,61,120210,D,117.585272967887,-5.12309318881302,-26.1251685969854,91.74921604723,96.6913045154783,117.746099109577,114.662667261942,91.7414553360856,-5.09669079073163,-8.15905019557065,-26.2623291353621,-22.8118232332396
MOD03.A2022206.0310.061.2022206092348.hdf,2022-07-25 03:10,61,120210,D,114.688148798481,-22.7392038613747,-44.0163079818157,84.3190101683827,91.7683145615526,115.031459859061,112.622539716556,84.2654889231475,-22.7231220835614,-26.071024336983,-44.2802732747766,-39.9220607798223
MOD03.A2022206.0315.061.2022206092403.hdf,2022-07-25 03:15,61,120210,D,112.660129106475,-39.8633190373783,-61.8511305055872,71.1487779304109,84.3520434279159,113.205505448121,112.093969468633,70.9319166725058,-39.8520396443986,-43.9444418190992,-62.1871893430679,-55.8474100024922
MOD03.A2022206.0320.061.2022206092439.hdf,2022-07-25 03:20,61,120210,B,118.750726628418,-55.8612492348253,-79.6967003654085,41.9904647477394,71.2259684570736,112.852883669432,119.143224885157,41.6549865085624,-55.8556062721097,-61.7205233099815,-79.8244947082683,-68.1577675181697
MOD03.A2022206.0325.061.2022206093223.hdf,2022-07-25 03:25,61,120210,N,180,-68.3496946427298,-89.9860739343104,-180,42.1862282066394,120.667269078934,-97.5071658596153,-9.59434980685171,-68.34620661539,-79.2219569125767,-81.5758559119078,-69.2411097668177
MOD03.A2022206.0330.061.2022206092450.hdf,2022-07-25 03:30,61,120210,N,-9.79740463655057,-58.2256559949713,-82.5076595810729,-98.8937218495784,-9.7953856774027,-101.195454505011,-87.4420255310408,-42.5691347368918,-69.6117663222969,-81.9445727036875,-64.1114926442023,-57.970773544256
MOD03.A2022206.0335.061.2022206092229.hdf,2022-07-25 03:35,61,120210,N,-43.1810765380141,-42.5437892421808,-64.6613927898174,-87.665198178017,-43.1796367953468,-88.0462329958409,-87.6612284443305,-57.3821507002098,-58.2900407998562,-64.6059669527864,-46.3946982139397,-42.3790362990891
MOD03.A2022206.0340.061.2022206092143.hdf,2022-07-25 03:40,61,120210,N,-57.935077504628,-25.4702646073688,-46.8268659019403,-89.5452028531429,-57.9329991882063,-87.8589737676801,-89.5658097596751,-65.5835576293368,-42.616675548184,-46.8436109654627,-28.5355613082574,-25.3611499089239
MOD03.A2022206.0345.061.2022206092144.hdf,2022-07-25 03:45,61,120210,N,-66.0615702662528,-7.89960882686404,-28.8601228928807,-92.314642877173,-66.0569408594745,-89.6082828170154,-92.3363371130023,-71.0422565908933,-25.5427414655404,-28.8870043358866,-10.7495925400263,-7.86111974609758
MOD03.A2022206.0350.061.2022206092144.hdf,2022-07-25 03:50,61,120210,N,-71.263755000967,9.92299418605284,-10.9490767234175,-95.9945888079978,-71.2574873639733,-92.3077128253535,-96.0013680009116,-74.9951615987347,-7.97298570654186,-10.9680017032714,6.97054533579845,9.95090040343611
MOD03.A2022206.0355.061.2022206110114.hdf,2022-07-25 03:55,61,120211,N,-75.1007277298885,27.8532204703151,6.8985856390625,-101.004810720941,-75.0152305283877,-95.984677613566,-101.120520062243,-78.0403678269133,9.8583141476735,6.88117951618807,24.5868534316372,28.0030971878576
MOD03.A2022206.0400.061.2022206110119.hdf,2022-07-25 04:00,61,120211,N,-78.0124266130507,45.7878596117894,24.5438884444253,-108.687236682861,-77.7563059284613,-100.987670259777,-108.861913817399,-80.1295485820139,27.7925734020403,24.5334237967306,41.7097836657362,46.0638486487843
MOD03.A2022206.0405.061.2022206110138.hdf,2022-07-25 04:05,61,120211,N,-80.0899124147602,63.6948728758991,41.6913610534123,-122.774938625264,-79.6053190667564,-108.658643702532,-123.079168625664,-80.6396928614844,45.716060311442,41.6857317954782,57.5759374732856,64.0324345389993
MOD03.A2022206.0410.061.2022206110146.hdf,2022-07-25 04:10,61,120211,B,-71.9292109088632,81.6225462834933,57.6308657607002,-154.999562582689,-79.807521929657,-122.697559197159,-155.334680298885,-71.3315353776741,63.5617483212082,57.6274850148027,69.3130899818258,81.7107800048452
MOD03.A2022206.0415.061.2022206110617.hdf,2022-07-25 04:15,61,120211,D,180,89.9871791798255,69.0300588304688,-180,-69.7629639460995,-154.8090958002,152.304424900725,74.5293869772089,81.105938358055,69.5524580237679,68.6924985083641,79.7185482157612
MOD03.A2022206.0420.061.2022206110208.hdf,2022-07-25 04:20,61,120211,D,151.974219843325,80.4956684538681,56.6414467367745,73.6643116347224,71.8805151426741,151.976259155711,122.145766385105,80.8283552132116,80.1420875545755,69.0655584937127,56.40906497166,62.0608259005653
MOD03.A2022206.0425.061.2022206110239.hdf,2022-07-25 04:25,61,120211,D,121.537782585849,62.5700605490973,40.5717275025303,80.1384251095645,80.3111130118082,121.554931785449,108.612345197521,80.1341856090747,62.5511828167162,56.700003328127,40.4332809536661,44.2493558484513
MOD03.A2022206.0430.061.2022206110210.hdf,2022-07-25 04:30,61,120211,D,108.130332219524,44.6631412184933,23.3787981723205,77.9277021457566,79.7793794880477,108.131821983605,100.999836938767,77.905848508064,44.6814280794607,40.6413665496568,23.3066688498387,26.4230859771852
MOD03.A2022206.0435.061.2022206110208.hdf,2022-07-25 04:35,61,120211,D,100.688874047854,26.726022269641,5.62830579267491,74.9358837684141,77.7588966684128,100.690754195145,95.8829849092395,74.9149779105766,26.7583987454443,23.4478353484893,5.60582982994325,8.52860253445271
MOD03.A2022206.0440.061.2022206110237.hdf,2022-07-25 04:40,61,120211,D,95.7539872460277,8.70991396408412,-12.2303344292113,71.0258629605713,74.8491171225725,95.7793838917163,92.1413655168428,71.0189606426457,8.74114973512629,5.69732735862668,-12.2613112498752,-9.17555886421048
MOD03.A2022206.0445.061.2022206110220.hdf,2022-07-25 04:45,61,120211,D,92.1481342338018,-9.10190106161192,-30.1429842190418,65.6389443176816,71.0080188725188,92.3488486805955,89.4096309452876,65.6309416732877,-9.0785608650111,-12.1770973050401,-30.3100829070127,-26.7080379487061
MOD03.A2022206.0450.061.2022206110208.hdf,2022-07-25 04:50,61,120211,D,89.4397691319444,-26.6356883678946,-48.0182076634665,57.3405428927014,65.6606118412097,89.8220196684992,87.6068370561748,57.2587158654194,-26.6208095390727,-30.08590330966,-48.3081437769666,-43.6349659828568
MOD03.A2022206.0455.061.2022206110349.hdf,2022-07-25 04:55,61,120211,B,87.7600625837838,-43.5863216839871,-65.8516360806015,41.8852503944256,57.3798740622963,88.2450872794498,87.7437701596662,41.6224038616329,-43.5762218833505,-47.9405227724661,-66.1772336147483,-59.086448072019
MOD03.A2022206.0500.061.2022206110626.hdf,2022-07-25 05:00,61,120211,N,102.078815271845,-59.1279933177878,-83.6964758788296,6.7448307961915,41.9796056232619,88.5687713185958,103.326330667856,6.49307779708217,-59.1235961075067,-65.6839970773067,-83.5886168296266,-69.7235700113847
MOD03.A2022206.0505.061.2022206111146.hdf,2022-07-25 05:05,61,120211,N,180,-67.7795264020771,-89.9888198271603,-180,6.97794050746364,104.726998160418,-116.861262896168,-44.1957392922966,-69.9688119952088,-82.9408014209646,-77.7365011050071,-67.4488180990481
MOD03.A2022206.0510.061.2022206110516.hdf,2022-07-25 05:10,61,120211,N,-44.5811699490235,-54.9116575852267,-78.5084794048101,-117.516849609964,-44.5791999352308,-119.00568491913,-111.944187748804,-71.5944082577361,-67.8221430723897,-78.1743276897341,-60.1494661222099,-54.6786726973378
MOD03.A2022206.0515.061.2022206110228.hdf,2022-07-25 05:15,61,120211,N,-72.2091809867351,-38.8078325902443,-60.6623320806802,-112.707229255632,-72.2078782420129,-112.402255470456,-112.711808934039,-84.3022767432328,-54.9790756495225,-60.639852488112,-42.4156939464323,-38.6595906567869
MOD03.A2022206.0520.061.2022206110205.hdf,2022-07-25 05:20,61,120211,N,-84.8296780275462,-21.6426575577641,-42.8266711859421,-114.801449237314,-84.8270322349941,-112.858052779052,-114.824064393297,-91.6575711518206,-38.8809282647022,-42.8453338452101,-24.6368447435634,-21.558261988405
MOD03.A2022206.0525.061.2022206110124.hdf,2022-07-25 05:25,61,120211,N,-92.0453183396089,-3.92076392248647,-24.9343379522804,-117.76979152401,-92.0407805769521,-114.850206034676,-117.788343650865,-96.7016956122456,-21.716051015229,-24.9559973028212,-6.77430225044695,-3.88298866751963
MOD03.A2022206.0530.061.2022206110206.hdf,2022-07-25 05:30,61,120211,N,-96.9374066368646,13.9377221222285,-6.93870527423054,-121.698383994121,-96.9316715958961,-117.761853818447,-121.718991280679,-100.483530265121,-3.99429962653058,-6.9568799855957,10.9470231600149,13.9915569447142
MOD03.A2022206.0535.061.2022206110115.hdf,2022-07-25 05:35,61,120212,N,-100.543487306964,31.8752398733931,10.8778095656824,-127.18846247806,-100.441797974712,-121.687205744428,-127.278245267081,-103.333042253188,13.8736274092362,10.8614622755835,28.4828969387768,32.0551081064418
MOD03.A2022206.0540.061.2022206110119.hdf,2022-07-25 05:40,61,120212,N,-103.300339598163,49.8035153486626,28.433979870399,-135.826514198052,-102.990339394943,-127.164982700084,-136.029378425774,-105.176133757707,31.8143135211942,28.4196589049307,45.4080293870089,50.0983683095868
MOD03.A2022206.0545.061.2022206110132.hdf,2022-07-25 05:45,61,120212,B,-104.943208183566,67.7152415256186,45.4021998265685,-152.435008376578,-104.578489573657,-135.785087790314,-152.852668263255,-104.95543632872,49.7274370131617,45.3930998020366,60.7442082260963,68.0363505682691
MOD03.A2022206.0550.061.2022206110231.hdf,2022-07-25 05:50,61,120212,D,-83.7345714286929,85.6443546346104,60.8492027966208,168.801170163146,-103.979418332326,-152.360884766176,168.598702154968,-81.403116113708,67.5432038936397,60.8475547333426,70.5734366674788,85.3741489608005
MOD03.A2022206.0555.061.2022206124022.hdf,2022-07-25 05:55,61,120212,D,180,89.9865198145495,66.8950618930405,-180,-80.8427204667603,169.019665100016,118.390643326601,53.1561118126752,84.7327187353481,70.8647613341489,66.57447024045,75.798282005339
MOD03.A2022206.0600.061.2022206123644.hdf,2022-07-25 06:00,61,120212,D,117.911699116831,76.4737131177727,53.2012512544764,52.7029848959157,51.4549755089842,117.913628739245,93.5042632012065,56.1454938648554,76.2607370721568,66.9405134903052,53.0002854196439,58.0693880093963
MOD03.A2022206.0605.061.2022206123640.hdf,2022-07-25 06:05,61,120212,D,92.942397079489,58.5512131530839,36.7796488241802,54.9480826490337,55.6267037844795,92.9440722346005,81.858183262233,54.9352063529828,58.5503558622716,53.2659014835425,36.6547313668692,40.251156525977
MOD03.A2022206.0610.061.2022206123654.hdf,2022-07-25 06:10,61,120212,D,81.4000773514593,40.6439220216415,19.4416422483418,52.6082719656224,54.6971107235479,81.4010257082436,74.9730368482214,52.5840333608711,40.6707339432999,36.8492691716432,19.3867569556669,22.4179134355275
MOD03.A2022206.0615.061.2022206123643.hdf,2022-07-25 06:15,61,120212,D,74.7167745722679,22.7008416853777,1.72137737464035,49.4482889086534,52.4642123857479,74.7218257228201,70.2598058840505,49.4302580134784,22.7326514631301,19.5125182121507,1.70428957382248,4.63788399727201
MOD03.A2022206.0620.061.2022206123637.hdf,2022-07-25 06:20,61,120212,D,70.1534905207911,4.78895296381981,-16.2468033914451,45.2550771391938,49.3720985536144,70.221060940323,66.7373887091376,45.247990895064,4.81952630317263,1.78478250339074,-16.3091228928284,-13.1386414142662
MOD03.A2022206.0625.061.2022206123644.hdf,2022-07-25 06:25,61,120212,D,66.7494240317262,-13.0650296785689,-34.1567218146943,39.3914684813841,45.2556128763145,66.990110884354,64.1943451933647,39.3832482387883,-13.0451804509815,-16.1942481464458,-34.3530999343004,-30.5745010140132
MOD03.A2022206.0630.061.2022206123639.hdf,2022-07-25 06:30,61,120212,D,64.2281424935224,-30.502194466991,-52.0144138704728,30.0350325653195,39.416466825912,64.6528814057293,62.6665784414183,29.9194881927158,-30.4882587277999,-34.0965053198427,-52.3289332230691,-47.2798489153446
MOD03.A2022206.0635.061.2022206123733.hdf,2022-07-25 06:35,61,120212,B,63.6333710177457,-47.2442941759094,-69.8521799153684,11.6727688066839,30.0818189010884,63.2979202179057,63.6489464903225,11.3645029121712,-47.2353494275974,-51.9308807722565,-70.1567903847331,-62.1153847175199
MOD03.A2022206.0640.061.2022206124033.hdf,2022-07-25 06:40,61,120212,N,103.423603646054,-62.19237701121,-87.6967115581463,-29.8371092095965,11.7953627435506,64.6930006115221,108.997227953436,-29.9347406803141,-62.1862366487677,-69.6340252300972,-86.7415724385911,-70.5748395142475
MOD03.A2022206.0645.061.2022206124242.hdf,2022-07-25 06:45,61,120212,N,180,-65.4464790740299,-89.9870467912159,-180,-29.5849161834882,106.314691708058,-139.145375993106,-77.2271230794921,-70.8754740064283,-86.0838268978943,-73.8229869869304,-65.1342175827799
MOD03.A2022206.0650.061.2022206123753.hdf,2022-07-25 06:50,61,120212,N,-77.7342976265486,-51.4564313507997,-74.5077263276585,-139.521110370707,-77.7324625968799,-140.456264219037,-136.637500194813,-99.9447660627103,-65.4985145974459,-74.3006175633502,-56.1773544571546,-51.2443438183499
MOD03.A2022206.0655.061.2022206123606.hdf,2022-07-25 06:55,61,120212,N,-100.54992599633,-35.0202419351351,-56.6626776824421,-137.809439245967,-100.548740586576,-136.989461789382,-137.820273258401,-110.979536729228,-51.5258595978971,-56.6624071691599,-38.4319735418103,-34.8878753646673
MOD03.A2022206.0700.061.2022206123639.hdf,2022-07-25 07:00,61,120212,N,-111.478340272919,-17.7178711931949,-38.819805327349,-140.10963031286,-111.475187499855,-137.930086704749,-140.13297427088,-117.654574914386,-35.0937806194996,-38.839836096357,-20.6477984012995,-17.6451876295379
MOD03.A2022206.0705.061.2022206123634.hdf,2022-07-25 07:05,61,120212,N,-118.010101058402,-0.0164619580004021,-20.9166027339427,-143.253443907588,-118.005245435815,-140.136175086684,-143.268724289965,-122.337748612797,-17.7912253500307,-20.9374165214496,-2.88399224506913,0.0132007898827944
MOD03.A2022206.0710.061.2022206123640.hdf,2022-07-25 07:10,61,120212,N,-122.539224808031,17.9588209976456,-3.01770760538754,-147.478734699529,-122.533287079122,-143.246861623738,-147.51119193928,-125.940738921329,-0.0899404403357316,-3.03559787982211,14.9131945964779,18.0385479239195
MOD03.A2022206.0715.061.2022206123636.hdf,2022-07-25 07:15,61,120213,N,-125.949985095195,35.9021907691733,14.8470132914921,-153.478979712797,-125.789833767058,-147.466230965735,-153.588381524555,-128.54084192127,17.8982899921838,14.8314556118621,32.3522262146805,36.109931337991
MOD03.A2022206.0720.061.2022206123637.hdf,2022-07-25 07:20,61,120213,N,-128.5054771051,53.8188444533828,32.3099359575456,-163.282007438603,-128.160533644791,-153.45353514062,-163.519858479387,-130.114300275561,35.8384576796516,32.2983092062998,49.0500343855587,54.1376499381136
MOD03.A2022206.0725.061.2022206123701.hdf,2022-07-25 07:25,61,120213,B,-128.841574795511,71.7382770228102,49.0600676008941,176.753495521275,-129.458019817604,-163.233827386147,176.34082434368,-128.812978454199,53.7361881466396,49.0529010884785,63.6955568335173,72.0345386575293
MOD03.A2022206.0730.061.2022206124033.hdf,2022-07-25 07:30,61,120213,D,-56.5397007262305,89.6679274585972,63.8304059664015,131.509657908308,-127.693833116765,176.870998362339,131.512150113072,-46.6261895421497,71.5137787193359,63.8291116270985,71.0317738712124,87.4985961035654
MOD03.A2022206.0735.061.2022206123920.hdf,2022-07-25 07:35,61,120213,D,180,89.9879543755671,64.284614126858,-180,-57.3143829429087,131.741724425329,86.0730130517384,30.0757623359753,87.0984458885831,71.3751993198598,63.9958196255028,71.8404503679573
MOD03.A2022206.0740.061.2022206123655.hdf,2022-07-25 07:40,61,120213,D,85.5263964700452,72.4507825131322,49.6440769430741,29.8062487237325,28.8738451731487,85.5281620212637,65.485440302754,31.3137611402278,72.3202683096271,64.3380604901114,49.4639346879778,54.0748672676639
MOD03.A2022206.0745.061.2022206123644.hdf,2022-07-25 07:45,61,120213,D,64.9464511017611,54.5339140231013,32.9392420380946,29.8038535406204,30.915863237233,64.9483095440228,55.3275240033077,29.7854223737801,54.5458257903608,49.7104125085373,32.8307985489788,36.2492939343749
MOD03.A2022206.0750.061.2022206123641.hdf,2022-07-25 07:50,61,120213,D,54.9028333733425,36.6187229302449,15.4909795194631,27.262058052083,29.5719718184977,54.9155927001356,49.0671990144544,27.2378439163207,36.645954663236,33.0078226729326,15.4421264508937,18.4225132360604
MOD03.A2022206.0755.061.2022206151236.hdf,2022-07-25 07:55,61,120213,D,48.8254967280881,18.675046350935,-2.28187614958717,23.9022089548756,27.1323666274685,48.8300195282563,44.6472062505341,23.887606377455,18.7073788596487,15.562106422758,-2.29122086982303,0.66386078044628
MOD03.A2022206.0800.061.2022206151333.hdf,2022-07-25 08:00,61,120213,D,44.5866414702512,0.783818057975447,-20.1778730736965,19.4509373620553,23.8580934265836,44.6894137849821,41.38505784133,19.4444943180612,0.809855296322296,-2.22249424321306,-20.2707754764964,-17.00567663783
MOD03.A2022206.0805.061.2022206151322.hdf,2022-07-25 08:05,61,120213,D,41.4043619711153,-16.9328197580746,-38.1705014089782,12.9800754182658,19.448118886531,41.6874440740608,39.0205571364868,12.9716560568714,-16.9143633374179,-20.1257474114648,-38.3986660479815,-34.4111801939832
MOD03.A2022206.0810.061.2022206151330.hdf,2022-07-25 08:10,61,120213,D,39.0582208595863,-34.3392017142441,-56.0143058581382,2.31923319017592,13.0088896470265,39.5293323041466,37.8291382919631,2.1648880623152,-34.3262775006498,-38.1059401072171,-56.3451859221953,-50.8449105832493
MOD03.A2022206.0815.061.2022206151402.hdf,2022-07-25 08:15,61,120213,B,40.1495450811976,-50.8261913402339,-73.8569153994396,-19.7435471467283,2.37572713079088,38.4812345775639,40.2324502000813,-20.0848652645482,-50.8185116773912,-55.9188352951385,-74.1202930791324,-64.8654172297126
MOD03.A2022206.0820.061.2022206151835.hdf,2022-07-25 08:20,61,120213,N,180,-64.9847103122619,-89.9864075191355,-180,-19.5897447252042,41.4914529590465,156.607109032995,-66.9024431696749,-64.9786604685528,-73.5675723191285,-86.5480183561734,-70.617433967299
MOD03.A2022206.0825.061.2022206151726.hdf,2022-07-25 08:25,61,120213,N,-66.7802293263977,-62.7123176357896,-88.3478042917209,148.892452430544,-66.7754501389676,145.669495840433,-162.502655001393,-108.832214981979,-70.9683419836904,-86.4906824211279,-69.8820045088518,-62.4288232808517
MOD03.A2022206.0830.061.2022206151312.hdf,2022-07-25 08:30,61,120213,N,-109.395020847511,-47.8893607801976,-70.501944353097,-162.735994040748,-109.393349900693,-163.433690330781,-161.470568322382,-127.763984618646,-62.7712588881502,-70.3733501564065,-52.1994956172529,-47.6970137686775
MOD03.A2022206.0835.061.2022206151224.hdf,2022-07-25 08:35,61,120213,N,-128.351400088578,-31.1875679750832,-52.6604592608924,-162.966379672141,-128.350274948713,-161.743405794069,-162.982167907811,-137.455262092073,-47.960439011769,-52.6723184880474,-34.4417101863884,-31.0702523065546
MOD03.A2022206.0840.061.2022206151218.hdf,2022-07-25 08:40,61,120213,N,-137.923289582352,-13.7686256859565,-34.8047407837513,-165.460258337312,-137.919688093459,-163.061420137129,-165.48337170716,-143.556926907567,-31.2609954210843,-34.8256453655489,-16.655182357188,-13.7070601811162
MOD03.A2022206.0845.061.2022206151211.hdf,2022-07-25 08:45,61,120213,N,-143.878787942206,3.98882125614942,-16.8944818277895,-168.809912004814,-143.873645133883,-165.472908280048,-168.820852651783,-147.941009977854,-13.8421317768597,-16.9145371541927,1.0918546127503,4.01114647338213
MOD03.A2022206.0850.061.2022206151222.hdf,2022-07-25 08:50,61,120214,N,-148.105858053815,21.8980608039499,0.989529846123903,-173.32415671222,-148.085568725528,-168.802038146267,-173.371927572209,-151.323625742985,3.91745031087531,0.971965595964337,18.7796396098952,22.0049475082979
MOD03.A2022206.0855.061.2022206151217.hdf,2022-07-25 08:55,61,120214,N,-151.301877394616,39.9297534870036,18.7176344609235,-179.952233955494,-151.097263311322,-173.30742750219,179.91933340022,-153.723374140651,21.8388034199735,18.7028255575109,36.1895829010931,40.1655569041323
MOD03.A2022206.0900.061.2022206151239.hdf,2022-07-25 09:00,61,120214,N,-153.684419033058,57.83919934813,36.1547812411896,168.796289632422,-153.282869803094,-179.922784187871,168.519686829997,-154.940571796108,39.8631859652773,36.1441781087968,52.6028991033179,58.1715011737588
MOD03.A2022206.0905.061.2022206151344.hdf,2022-07-25 09:05,61,120214,B,-151.952994661411,75.7638951612195,52.6320890422792,144.647029629705,-154.217099591862,168.852719863206,144.177935245818,-151.833738244859,57.7424200351045,52.626703196655,66.3176484553147,76.0116405644989
MOD03.A2022206.0910.061.2022206151611.hdf,2022-07-25 09:10,61,120214,D,180,89.9889675893586,66.5251356528311,-180,-150.543439535549,144.786480777397,94.3554491698741,-15.8264861684475,75.4587860610074,66.5190880003645,70.6763015501141,85.1665958666525
MOD03.A2022206.0915.061.2022206151315.hdf,2022-07-25 09:15,61,120214,D,94.3558177601019,86.3539074606934,61.3392143492968,-19.6234173789706,-23.0934057370534,94.3577769991696,55.1290070687002,6.19175501013827,85.3972078174889,71.0174952407342,61.077551545335,67.8640321160991
MOD03.A2022206.0920.061.2022206151232.hdf,2022-07-25 09:20,61,120214,D,54.5485760847977,68.4265087288857,45.9952887664651,6.02031806371296,5.30464175692952,54.5501696344727,37.9315628817798,6.37818448346109,68.3517226938703,61.3980130342624,45.8358774919632,50.0755759190302
MOD03.A2022206.0925.061.2022206151235.hdf,2022-07-25 09:25,61,120214,D,37.4249393191407,50.5172376358214,29.0598181235344,4.56724745363355,6.01806727428687,37.4276580320475,28.9760614154401,4.5487446915553,50.5328645942369,46.0628054286993,28.96945148191,32.24612582593
MOD03.A2022206.0930.061.2022206151240.hdf,2022-07-25 09:30,61,120214,D,28.607362672651,32.5914157057725,11.5192891733477,1.85677779630551,4.37394802177731,28.6120094434154,23.2481570882685,1.83388148015609,32.6192945592809,29.1305985874351,11.4786518652916,14.4275274638141
MOD03.A2022206.0935.061.2022206151321.hdf,2022-07-25 09:35,61,120214,D,23.0323095380185,14.6504730456947,-6.29166957591638,-1.7135154843755,1.7428950230541,23.0396571511323,19.0999438758312,-1.72293662467434,14.6833149545564,11.5906604227294,-6.29830800111892,-3.30238360836549
MOD03.A2022206.0940.061.2022206151323.hdf,2022-07-25 09:40,61,120214,D,19.0544400136791,-3.21304902417859,-24.1982471622455,-6.51524756121396,-1.75663748110899,19.1848623741712,16.0288700956142,-6.52287571943263,-3.18418063450899,-6.23443321320915,-24.3196390868923,-20.9350176879221
MOD03.A2022206.0945.061.2022206151334.hdf,2022-07-25 09:45,61,120214,D,16.054611409565,-20.8623233053877,-42.0959228510766,-13.585066376583,-6.49637024996293,16.4028727272105,13.9116553607676,-13.6254629938039,-20.8434453852027,-24.1472270587337,-42.3446614310886,-38.1197580694014
MOD03.A2022206.0950.061.2022206151344.hdf,2022-07-25 09:50,61,120214,D,13.9471123343896,-38.0567794808216,-60.019693455605,-25.9194807363289,-13.5540507447844,14.4756983350448,13.1344435066585,-26.1166135632621,-38.0448693290848,-42.0266966703075,-60.3585412339962,-54.3066723120787
