# MODIS Terra GEOGRAPHIC METADATA TEXT FILE day 2022-07-23
# NFiles = 288, max geo IngestTime = 2022-07-24 07:03:09.398388
# GranuleID,StartDateTime,ArchiveSet,OrbitNumber,DayNightFlag,EastBoundingCoord,NorthBoundingCoord,SouthBoundingCoord,WestBoundingCoord,GRingLongitude1,GRingLongitude2,GRingLongitude3,GRingLongitude4,GRingLatitude1,GRingLatitude2,GRingLatitude3,GRingLatitude4
MOD03.A2022204.0000.061.2022204070201.hdf,2022-07-23 00:00,61,120179,D,163.726296113461,-6.21772703639906,-27.2257174346211,137.730510357141,142.783551518263,163.899820324969,160.854360167252,137.722830222954,-6.19077217366667,-9.25883870213155,-27.3736045608416,-23.8817435941092
MOD03.A2022204.0005.061.2022204070156.hdf,2022-07-23 00:05,61,120179,D,160.879714571855,-23.8084719798873,-45.1129385442113,130.069960039605,137.74806976282,161.23314760684,158.871940495247,130.015476336603,-23.7930783333472,-27.170591589242,-45.384460832238,-40.9449368099824
MOD03.A2022204.0010.061.2022204070217.hdf,2022-07-23 00:10,61,120179,D,158.91304669227,-40.8880111096487,-62.9468778342413,116.327194261531,130.107205395427,159.475354054761,158.507814598109,116.099379400428,-40.8770133940005,-45.0397750061635,-63.2815863771652,-56.7514492077243
MOD03.A2022204.0015.061.2022204070422.hdf,2022-07-23 00:15,61,120179,B,166.964211873837,-56.7703538353532,-80.7922025294057,85.6509875362997,116.406215382254,159.415877951369,167.504469707301,85.2887397512912,-56.7649745579239,-62.8031298970863,-80.8583308947648,-68.6460471243904
MOD03.A2022204.0020.061.2022204070857.hdf,2022-07-23 00:20,61,120179,N,180,-68.8902095638597,-89.9867567834291,-180,85.8461112491374,168.909535363262,-49.419712417268,33.8447038791851,-68.8895405009557,-80.2445781689731,-80.5161154501192,-68.8440860570621
MOD03.A2022204.0025.061.2022204070405.hdf,2022-07-23 00:25,61,120179,N,33.6272628032967,-57.3319353846726,-81.4128875417842,-50.542298071119,33.6292801661263,-52.3349669458619,-41.0068665325799,2.51393901738365,-69.1859732959987,-80.9362082056859,-63.0235734271853,-57.0874877119479
MOD03.A2022204.0030.061.2022204070154.hdf,2022-07-23 00:30,61,120179,N,1.90817887250647,-41.5256788939151,-63.5668672878377,-41.4032782158076,1.90957910856444,-41.5734335709846,-41.4019261553032,-11.665615513011,-57.3983152573705,-63.5216604812192,-45.3065030124567,-41.3655990816925
MOD03.A2022204.0035.061.2022204070120.hdf,2022-07-23 00:35,61,120179,N,-12.2087516587679,-24.4768317529085,-45.7332348843046,-43.3352387640671,-12.2065119119143,-41.5781935000405,-43.3566521751301,-19.596060260824,-41.598342842217,-45.7505204095368,-27.5333795526888,-24.3834910892575
MOD03.A2022204.0040.061.2022204070119.hdf,2022-07-23 00:40,61,120179,N,-20.0085537438547,-6.89915200904327,-27.8513154691916,-46.1433579776998,-20.0042445353786,-43.3851489394142,-46.1640776161803,-24.8986843288749,-24.5506695653653,-27.8723203251661,-9.75336453651985,-6.85484506639857
MOD03.A2022204.0045.061.2022204070126.hdf,2022-07-23 00:45,61,120179,N,-25.1600812290969,11.0207629307959,-9.94019955894051,-49.9154509566032,-25.1545071824297,-46.1445834355297,-49.92149679824,-28.8632792384445,-6.97263700648079,-9.95856215637224,8.05817772909807,11.0567582726413
MOD03.A2022204.0050.061.2022204070120.hdf,2022-07-23 00:50,61,120180,N,-28.9532009279748,28.9523335840243,7.98636072710982,-55.0807450540297,-28.8642949817992,-49.9034622152487,-55.1578142697036,-31.8526994530435,10.9557762668641,7.96959981152744,25.6531425648363,29.1111357679717
MOD03.A2022204.0055.061.2022204070117.hdf,2022-07-23 00:55,61,120180,N,-31.825813934651,46.8854850269767,25.5993523978269,-63.0149409686977,-31.5522561345971,-55.0623961522226,-63.1966753140474,-33.8766937106968,28.8923436928688,25.5858327392345,42.7141740479915,47.1650348364862
MOD03.A2022204.0100.061.2022204070130.hdf,2022-07-23 01:00,61,120180,B,-33.8347854341283,64.7925974411042,42.6995507916363,-77.7164759067723,-33.3427091725942,-62.9773392160209,-78.0688205492701,-34.224973994818,46.8120978367193,42.6907822054073,58.4437031148616,65.1252718600404
MOD03.A2022204.0105.061.2022204070402.hdf,2022-07-23 01:05,61,120180,D,-23.3480264522437,82.7211711579682,58.5173666709894,-111.643970612855,-33.3479280769171,-77.6361497808436,-111.968781986599,-22.5190481861206,64.6505020946255,58.5140239930937,69.7124055294509,82.7471807437373
MOD03.A2022204.0110.061.2022204070753.hdf,2022-07-23 01:10,61,120180,D,180,89.9887218251838,68.5040732176917,-180,-21.0242348034751,-111.442444802763,-164.03396770436,122.069227579308,82.1328610807056,69.9849376336385,68.1689358688025,78.6534908106599
MOD03.A2022204.0115.061.2022204070256.hdf,2022-07-23 01:15,61,120180,D,-164.412447712793,79.3967064550141,55.7079734011084,121.36859523693,119.788686545134,-164.410289881835,167.343288794144,127.218243403216,79.0931075162674,68.5412078944943,55.4918776981146,60.9703912429885
MOD03.A2022204.0120.061.2022204070252.hdf,2022-07-23 01:20,61,120180,D,166.770599814865,61.4715234249906,39.5320676862593,126.312841729922,126.617512141839,166.771931582323,154.379392787543,126.30706647646,61.4549255514954,55.7720756880386,39.4020302931038,43.1575287777777
MOD03.A2022204.0125.061.2022204070251.hdf,2022-07-23 01:25,61,120180,D,153.923303543549,43.5647031652174,22.2974381312054,124.114828300527,126.035345586464,153.926939941876,146.997063999323,124.091557549531,43.5865016581074,39.6005795067887,22.2293232822608,25.3232668381186
MOD03.A2022204.0130.061.2022204070247.hdf,2022-07-23 01:30,61,120180,D,146.689973963597,25.6234225572087,4.62224175001742,121.091816772017,123.959104329258,146.695332361321,142.002051795468,121.071688992832,25.6537220082365,22.3686411541165,4.59774103486597,7.52538058301233
MOD03.A2022204.0135.061.2022204070252.hdf,2022-07-23 01:35,61,120180,D,141.857499822415,7.69722368740293,-13.244501380434,117.116353553808,121.008474597596,141.892529856927,138.29939149666,117.109409004895,7.72825972001244,4.68937622057498,-13.2835730477085,-10.1790845023048
MOD03.A2022204.0140.061.2022204070158.hdf,2022-07-23 01:40,61,120180,D,138.30754694182,-10.1056266099306,-31.2471169350944,111.581586069442,117.1001429919,138.523670461091,135.602860396872,111.573584790003,-10.0825025691128,-13.192411132607,-31.4232070167014,-27.7756619307561
MOD03.A2022204.0145.061.2022204070159.hdf,2022-07-23 01:45,61,120180,D,135.63134592337,-27.7024279326393,-49.119215984904,103.009702715,111.601876667205,136.030216735972,133.871010114643,102.919448970954,-27.6873951149302,-31.1893435067282,-49.4157395525078,-44.6465259225077
MOD03.A2022204.0150.061.2022204070241.hdf,2022-07-23 01:50,61,120180,B,134.196471612688,-44.6023131431618,-66.9545731449144,86.8244062994699,103.053709097312,134.499804464207,134.186471182906,86.5494722316202,-44.5925642430485,-49.0401440119825,-67.276387793338,-59.9476596851277
MOD03.A2022204.0155.061.2022204092945.hdf,2022-07-23 01:55,61,120180,N,152.689073865262,-59.9963946174933,-84.8000205647286,49.9685798874662,86.9237223007343,135.127488252503,154.501554351437,49.7149376906146,-59.99103111736,-66.7735952209274,-84.5594669059529,-70.036144131812
MOD03.A2022204.0200.061.2022204093316.hdf,2022-07-23 02:00,61,120180,N,180,-67.1830383139007,-89.9863458476187,-180,50.1936395029955,155.680102648908,-69.7550731211429,-0.380307955668591,-70.3489822210848,-83.8918847324128,-76.6493099362205,-66.8999145391498
MOD03.A2022204.0205.061.2022204092804.hdf,2022-07-23 02:05,61,120180,N,-0.723673274699665,-53.9689015877758,-77.4044435522824,-70.3137921406476,-0.721735350432607,-71.5257600996979,-65.5731522742793,-26.3115875475954,-67.2270682033711,-77.1146964536533,-59.0514146176174,-53.7425172202211
MOD03.A2022204.0210.061.2022204092552.hdf,2022-07-23 02:10,61,120180,N,-26.9262259975507,-37.7662033192036,-59.5585470874687,-66.4484285504223,-26.9249575632391,-65.9821828995986,-66.4571112509615,-38.5215281367308,-54.0377029441901,-59.5437244397793,-41.3170411644539,-37.6231041636172
MOD03.A2022204.0215.061.2022204092540.hdf,2022-07-23 02:15,61,120180,N,-39.0359089168923,-20.565554304677,-41.7215017001005,-68.5660168397402,-39.0331181673185,-66.5443453885544,-68.5894918269387,-45.6723521267004,-37.8393339535144,-41.7383191460451,-23.536272880736,-20.4811677058762
MOD03.A2022204.0220.061.2022204092538.hdf,2022-07-23 02:20,61,120180,N,-46.0698633473165,-2.90945272159171,-23.8235323526994,-71.621101379212,-46.0641405293344,-68.6578978362982,-71.6386019255135,-50.6139422337059,-20.638757679773,-23.8450958784607,-5.76940353260035,-2.87608994863033
MOD03.A2022204.0225.061.2022204092533.hdf,2022-07-23 02:25,61,120180,N,-50.8252846762598,14.9556652927327,-5.9227345902958,-75.6212400820035,-50.8192173551344,-71.612994575503,-75.6413806614495,-54.3276683461327,-2.98300259924018,-5.94063895255246,11.9513655645935,15.0158258741915
MOD03.A2022204.0230.061.2022204092539.hdf,2022-07-23 02:30,61,120181,N,-54.3736517318483,32.9828669843583,11.8821911295682,-81.2657326423161,-54.2395611835217,-75.6094328252502,-81.3594244275043,-57.108848101397,14.894009239725,11.8661175017246,29.5476321253341,33.1710528789773
MOD03.A2022204.0235.061.2022204092543.hdf,2022-07-23 02:35,61,120181,N,-57.0778757280983,50.9057620434547,29.4993939976732,-90.192443246477,-56.7604353111185,-81.244720932845,-90.4156362688222,-58.8831195387637,32.9209580099427,29.4869683762147,46.4117917417259,51.2090332130326
MOD03.A2022204.0240.061.2022204092556.hdf,2022-07-23 02:40,61,120181,B,-58.4220324578122,68.8178081703823,46.4146079876498,-107.663439229258,-58.2858758716827,-90.1479107507678,-108.054822185019,-58.4258275125398,50.8274450359259,46.4077478071089,61.5826570141039,69.136077037911
MOD03.A2022204.0245.061.2022204092744.hdf,2022-07-23 02:45,61,120181,D,-29.8023888431887,86.7466155742003,61.6886065997396,-148.232703439843,-57.4227803108034,-107.567432196023,-148.387356754374,-26.1073480242438,68.6337400933653,61.6869800207175,70.7751703654232,86.2536944348498
MOD03.A2022204.0250.061.2022204093207.hdf,2022-07-23 02:50,61,120181,D,180,89.9877490589489,66.2238171813226,-180,-26.8528673578617,-148.0063502794,162.504253270407,100.072301488582,85.6130615076887,71.0870323542397,65.9067306809386,74.7178970918215
MOD03.A2022204.0255.061.2022204092733.hdf,2022-07-23 02:55,61,120181,D,161.992542233336,75.3719887975358,52.2364150049172,99.6953957487223,98.5469567496359,161.996420137523,138.886201461236,102.479038961996,75.1865453979347,66.2694491667289,52.0429607741773,56.9757157560594
MOD03.A2022204.0300.061.2022204092647.hdf,2022-07-23 03:00,61,120181,D,138.331543214916,57.4512103936535,35.7250626130296,101.208357559358,102.02795649772,138.333592079597,127.682879776926,101.192265039593,57.4552776412052,52.3027237807091,35.6106820747882,39.1548480845196
MOD03.A2022204.0305.061.2022204092642.hdf,2022-07-23 03:05,61,120181,D,127.257393872841,39.5402706507029,18.3592284175443,98.8043647811528,100.964288583564,127.262813366033,121.001334897947,98.7839781265672,39.5632006618777,35.7943128276842,18.302669457911,21.3244976782986
MOD03.A2022204.0310.061.2022204092635.hdf,2022-07-23 03:10,61,120181,D,120.730244910811,21.5948081818146,0.624695199680661,95.5708920842213,98.6448657042898,120.73805505344,116.356243386553,95.5542446650998,21.6260903548839,18.4300853115439,0.607928759116696,3.54884073800257
MOD03.A2022204.0315.061.2022204092636.hdf,2022-07-23 03:15,61,120181,D,116.250496586698,3.68815298099946,-17.2623406013424,91.324546614254,95.5029310348483,116.328712317452,112.908340049012,91.3173401993515,3.71865402136772,0.686337445121482,-17.3323473943777,-14.1400638067992
MOD03.A2022204.0320.061.2022204092632.hdf,2022-07-23 03:20,61,120181,D,112.921743261104,-14.0663285516792,-35.1731466738293,85.3283708094399,91.3307472601193,113.173243616987,110.413371441538,85.3200878698822,-14.0474954619513,-17.2102415865477,-35.3766575517046,-31.5508278597641
MOD03.A2022204.0325.061.2022204092633.hdf,2022-07-23 03:25,61,120181,D,110.448257532879,-31.4788815445124,-53.1160255842805,75.6037959202128,85.3542724730521,110.890830686283,108.958811153322,75.4815169976007,-31.4652301996891,-35.1121507456598,-53.437049495819,-48.2739519643267
MOD03.A2022204.0330.061.2022204092734.hdf,2022-07-23 03:30,61,120181,B,110.226747456326,-48.2427288470046,-70.9567110552905,56.3094100498086,75.6553104615407,109.594729510915,110.255790759867,55.9911389001368,-48.2342672583176,-53.0301733102317,-71.2525269484002,-62.9101835606174
MOD03.A2022204.0335.061.2022204093125.hdf,2022-07-23 03:35,61,120181,N,166.136418528126,-62.99573966823,-88.8019425687301,13.088705015431,56.4371835812738,111.366848387528,174.198881484866,13.0439561615203,-62.9892692237122,-70.7216306695678,-87.2090188971137,-70.6727058583815
MOD03.A2022204.0340.061.2022204093209.hdf,2022-07-23 03:40,61,120181,N,180,-64.7279747656846,-89.9878495469591,-180,13.3364069121252,167.569738927278,-92.333295190689,-32.9433410700052,-71.0008954758839,-86.6345053148393,-72.7361943798173,-64.4330415164062
MOD03.A2022204.0345.061.2022204092724.hdf,2022-07-23 03:45,61,120181,N,-33.4466878687695,-50.4807371885033,-73.4021507053871,-92.6443582173874,-33.4448968225417,-93.5236061608448,-90.3128753415745,-54.5044849473824,-64.7807208199503,-73.2193626173939,-55.0806382333084,-50.2751875958421
MOD03.A2022204.0350.061.2022204092538.hdf,2022-07-23 03:50,61,120181,N,-55.1053628278598,-33.9696474534777,-55.5573792331379,-91.5860088900818,-55.1042065281924,-90.6481869567507,-91.5981967161202,-65.1384885422737,-50.5516468612054,-55.5613876254637,-37.3311426025323,-33.8388636166795
MOD03.A2022204.0355.061.2022204110943.hdf,2022-07-23 03:55,61,120181,N,-65.6368774763675,-16.6353312217248,-37.7125134984525,-93.9384780174184,-65.6346498598109,-91.6979367033234,-93.9619032209506,-71.6532548885512,-34.0427241589537,-37.7338755756448,-19.5467967487049,-16.5637948716431
MOD03.A2022204.0400.061.2022204110946.hdf,2022-07-23 04:00,61,120181,N,-72.0117804988998,1.08388945250302,-19.8081564245762,-97.1396978605601,-72.0076396989694,-93.9633320768002,-97.1541370078006,-76.2622724179043,-16.7085162420347,-19.8311673806576,-1.78728978140218,1.1100299853271
MOD03.A2022204.0405.061.2022204110940.hdf,2022-07-23 04:05,61,120181,N,-76.4338336473978,18.9782613951793,-1.91372653074922,-101.421986601223,-76.4327336763634,-97.1307639323423,-101.459098133236,-79.7793158282027,1.01095309951853,-1.93212565360667,15.9145298623842,19.0627056307213
MOD03.A2022204.0410.061.2022204110941.hdf,2022-07-23 04:10,61,120182,N,-79.7685790493513,36.9201189797431,15.8493828640561,-107.522648912086,-79.6091936559038,-101.408701621945,-107.67933889455,-82.3254685352169,18.9171649958672,15.8339399276108,33.3240402506338,37.134234453893
MOD03.A2022204.0415.061.2022204110945.hdf,2022-07-23 04:15,61,120182,N,-82.2903078761359,54.9219447547233,33.2945838618368,-117.742199738421,-81.906878293754,-107.50026054386,-117.971104240649,-83.7991324379481,36.8565026155537,33.2851922165696,50.0494508347622,55.2484956375596
MOD03.A2022204.0420.061.2022204111002.hdf,2022-07-23 04:20,61,120182,B,-82.1849041560406,72.8420579077703,50.066511595607,-138.746886245887,-83.1504933429046,-117.701029746343,-139.19121791918,-82.1386260531209,54.8370232564734,50.0531252553334,64.4600113462804,73.1333314398255
MOD03.A2022204.0425.061.2022204111255.hdf,2022-07-23 04:25,61,120182,D,180,89.9858335594631,64.6159666468703,-180,-80.9417561899461,-138.632815774663,174.407390133192,22.846718672358,72.5989167811702,64.6142185189984,71.0339042774255,87.21672119993
MOD03.A2022204.0430.061.2022204111300.hdf,2022-07-23 04:30,61,120182,D,174.574542281253,89.2761043363125,63.5090078187854,12.3506154654873,10.4508050635385,174.576310178496,130.585146670459,76.6985357135047,87.0434830560474,71.3644442819633,63.2260608192986,70.7518434074891
MOD03.A2022204.0435.061.2022204111036.hdf,2022-07-23 04:35,61,120182,D,130.025019295855,71.3477310262746,48.6608271163847,76.4670496364467,75.5915171047485,130.026737250532,111.009997767369,77.6002193159434,71.2341101711159,63.5622260923482,48.4786035328439,52.9791365543758
MOD03.A2022204.0440.061.2022204111041.hdf,2022-07-23 04:40,61,120182,D,110.446060433309,53.4332723231919,31.8958241516742,76.0895805127126,77.3225036127384,110.451837531318,101.183710188333,76.0650097433922,53.4502435653273,48.7281862535435,31.7831359073027,35.1488758463351
MOD03.A2022204.0445.061.2022204111043.hdf,2022-07-23 04:45,61,120182,D,100.731466208587,35.510094251775,14.4004797307724,73.4144967185351,75.7811558757015,100.743276830103,95.0429765842779,73.3919472118394,35.5395979992259,31.9643975502983,14.3680637711699,17.3290592516226
MOD03.A2022204.0450.061.2022204111030.hdf,2022-07-23 04:50,61,120182,D,94.8807735848841,17.572079413087,-3.38132059645532,70.0003876794775,73.2906434399169,94.88670872151,90.7740057899645,69.9875378310259,17.6036774553181,14.4721551847716,-3.39140656170743,-0.423687630818347
MOD03.A2022204.0455.061.2022204111041.hdf,2022-07-23 04:55,61,120182,D,90.7080889136616,-0.313464955244363,-21.2816806977184,65.4495143329947,69.9478535957401,90.8225033415808,87.5613605150381,65.4420628113273,-0.2848743530415,-3.3232063884246,-21.3822330304969,-18.0836135551373
MOD03.A2022204.0500.061.2022204111134.hdf,2022-07-23 05:00,61,120182,D,87.5797212123934,-18.0100813237873,-39.1841115119747,58.8696144270178,65.4636412837731,87.8699362178405,85.2619635098509,58.8471883273092,-17.9932635795312,-21.2284487230447,-39.4156256451809,-35.3717924104951
MOD03.A2022204.0505.061.2022204111120.hdf,2022-07-23 05:05,61,120182,D,85.299227425861,-35.3039544080184,-57.0255050926728,47.8319720830188,58.8993553853141,85.7831849575663,84.1696476862681,47.6678581175252,-35.2913378900354,-39.118525814224,-57.3589502666708,-51.7315875351103
MOD03.A2022204.0510.061.2022204111322.hdf,2022-07-23 05:10,61,120182,B,87.0256705528112,-51.717367881798,-74.9567043592089,24.5187417158198,47.8907295784965,84.8444714428606,87.1392170577169,24.1726417893695,-51.7100715465486,-56.9252073046586,-75.2054481173607,-65.5605055672204
MOD03.A2022204.0515.061.2022204111923.hdf,2022-07-23 05:15,61,120182,N,180,-65.690421347388,-89.9898080592379,-180,24.6796405034038,88.5718936239527,-145.885220936407,-23.8839480156932,-65.6845347486258,-74.6360758962362,-85.7527610860941,-70.4838723889705
MOD03.A2022204.0520.061.2022204111614.hdf,2022-07-23 05:20,61,120182,N,-23.8206914290653,-61.9082780903415,-87.2480780544772,-151.243711902999,-23.818816537602,-154.60755597087,-115.925517932127,-64.1381555669434,-70.8368482497434,-85.8685997463814,-68.7950827997149,-61.6255534184982
MOD03.A2022204.0525.061.2022204111158.hdf,2022-07-23 05:25,61,120182,N,-64.7223216924731,-46.89546048083,-69.4027650803585,-116.126584249639,-64.7206962658199,-116.778074224112,-115.181832765426,-82.1881399209713,-61.9676178639046,-69.2904313302748,-51.1077473416294,-46.7084599530994
MOD03.A2022204.0530.061.2022204111032.hdf,2022-07-23 05:30,61,120182,N,-82.7727435744572,-30.1310748042951,-51.5631002568106,-116.756307221294,-82.7714278962179,-115.439855949769,-116.773245839242,-91.5604110091808,-46.9673529576864,-51.5765543996061,-33.3475070459637,-30.0178679785389
MOD03.A2022204.0535.061.2022204110947.hdf,2022-07-23 05:35,61,120182,N,-92.0170617459539,-12.6843790060637,-33.7039105899169,-119.298171212109,-92.0133337133671,-116.842491362342,-119.321025887629,-97.5175116460654,-30.2044369758553,-33.7249753321852,-15.5622817767884,-12.6258058625799
MOD03.A2022204.0540.061.2022204110950.hdf,2022-07-23 05:40,61,120182,N,-97.831636578398,5.08610280954249,-15.7932734878963,-122.707118475577,-97.8264196810856,-119.308783076698,-122.716778388682,-101.826534911261,-12.757925394171,-15.8131170996583,2.17866202465338,5.1065612772695
MOD03.A2022204.0545.061.2022204110946.hdf,2022-07-23 05:45,61,120183,N,-101.979245321312,22.9978310468396,2.08471787296961,-127.310101330187,-101.966039156592,-122.6969608918,-127.362625881043,-105.164181491654,5.01349042891387,2.0672867914972,19.8580946234242,23.1133673457443
MOD03.A2022204.0550.061.2022204110945.hdf,2022-07-23 05:50,61,120183,N,-105.14642510726,40.9397998419652,19.797098077929,-134.080621017125,-104.961366707654,-127.294153821688,-134.218248025662,-107.540451438963,22.936588030339,19.7800500092596,37.1474076312952,41.1785678987351
MOD03.A2022204.0555.061.2022204125921.hdf,2022-07-23 05:55,61,120183,N,-107.499188708189,58.8497080882909,37.1155789850404,-145.748186732835,-107.036426882551,-134.048103808463,-146.037482916786,-108.607399448613,40.8746188730258,37.1011086380762,53.4787748787427,59.1798163143398
MOD03.A2022204.0600.061.2022204125943.hdf,2022-07-23 06:00,61,120183,B,-104.922444480465,76.8632958656249,53.5142228536885,-171.357848501153,-107.838789978185,-145.688118315043,-171.777834056959,-104.760079025176,58.7475650981302,53.5086250241773,66.9642514486623,77.0934445712539
MOD03.A2022204.0605.061.2022204130353.hdf,2022-07-23 06:05,61,120183,D,180,89.9852947063717,67.1566712708358,-180,-103.425972194445,-171.20663413806,137.453321151655,35.9354848562233,76.5341011762642,67.155930991375,70.40166859098,84.2024326431727
MOD03.A2022204.0610.061.2022204130029.hdf,2022-07-23 06:10,61,120183,D,137.368101847892,85.2543573034795,60.4944975023441,33.2736459466438,30.199060165455,137.370106130417,99.9730823126533,52.6710227537184,84.4978132165991,70.7756149626153,60.2364087859068,66.7755246644783
MOD03.A2022204.0615.061.2022204130006.hdf,2022-07-23 06:15,61,120183,D,99.3831738349263,67.326597369113,44.9875512420629,52.523308869476,51.8209312343351,99.3847223247865,83.564274404513,52.6282540905554,67.2629720313673,60.5523626328417,44.8339421825119,48.9816362989586
MOD03.A2022204.0620.061.2022204130014.hdf,2022-07-23 06:20,61,120183,D,83.0600243651619,49.4192174023439,27.9981499195994,50.8001328259564,52.3366234340904,83.0686573441303,74.8972906150128,50.7759821806297,49.437744001805,45.0558820247671,27.911718816684,31.1494640147807
MOD03.A2022204.0625.061.2022204130005.hdf,2022-07-23 06:25,61,120183,D,74.5404328775086,31.4884141439285,10.4302225227639,48.003575569132,50.5735024057373,74.5449935077206,69.3011046541591,47.9808113947986,31.5161901695974,28.068045781046,10.3948858638996,13.3387481880857
MOD03.A2022204.0630.061.2022204130003.hdf,2022-07-23 06:30,61,120183,D,69.1098440200925,13.5521899922182,-7.39029602079615,44.3768091464375,47.8971258139115,69.1160319667472,65.2377373387142,44.369002019221,13.5836839944036,10.5022631109962,-7.39462354980875,-4.38342942674307
MOD03.A2022204.0635.061.2022204130002.hdf,2022-07-23 06:35,61,120183,D,65.2105883606491,-4.30408962256246,-25.2988004093032,39.4782379810392,44.3392256618965,65.3626633728094,62.2505603900885,39.4705461899728,-4.27744072361101,-7.33504392464333,-25.4299074780094,-22.0063067513101
MOD03.A2022204.0640.061.2022204130006.hdf,2022-07-23 06:40,61,120183,D,62.2735714443105,-21.9327528710972,-43.1905140697695,32.2046646627778,39.4943599150091,62.6039797827402,60.1599887820331,32.1568078013803,-21.916693717222,-25.2444819682779,-43.4491921435481,-39.1472225390935
MOD03.A2022204.0645.061.2022204130010.hdf,2022-07-23 06:45,61,120183,D,60.1998507334844,-39.0877346281395,-61.0247122804363,19.444692279345,32.23922843299,60.7327884377273,59.5241907344714,19.2374933996304,-39.0762116608591,-43.1197136554478,-61.3614163549331,-55.1556067024131
MOD03.A2022204.0650.061.2022204130213.hdf,2022-07-23 06:50,61,120183,B,65.2401954903451,-55.1626976938747,-78.8693312857823,-8.58430351364134,19.5167331091697,60.2490335478709,65.5557307634212,-8.92433476453789,-55.1566395941293,-60.9007493266357,-79.0265067937259,-67.7516574045289
MOD03.A2022204.0655.061.2022204130938.hdf,2022-07-23 06:55,61,120183,N,180,-67.9346979454877,-89.9885775485398,-180,-8.38816084037934,67.3230240976157,-151.992882210328,-60.132221481565,-67.9305196817178,-78.4179314134276,-82.2529929015464,-69.4997610855495
MOD03.A2022204.0700.061.2022204130408.hdf,2022-07-23 07:00,61,120183,N,-60.2996758508463,-58.8204844728018,-83.2476477112815,-153.660038286062,-60.2976638742135,-155.850431659268,-140.047494657046,-94.2208896701018,-69.8717577563978,-82.6227031228412,-64.8396621217198,-58.5605589349495
MOD03.A2022204.0705.061.2022204130104.hdf,2022-07-23 07:05,61,120183,N,-94.8325397170251,-43.2295404731528,-65.4011453211628,-140.17868385809,-94.831072497767,-140.680576756866,-140.14248850748,-109.482510746863,-58.8841433038834,-65.3383954180007,-47.1299807993298,-43.0607429342309
MOD03.A2022204.0710.061.2022204130004.hdf,2022-07-23 07:10,61,120183,N,-110.043200040755,-26.2605117668402,-47.5658420181635,-141.971982186623,-110.041232915993,-140.342190381988,-141.992283118586,-117.824788542629,-43.3021608912725,-47.582102127138,-29.3590648834036,-26.1608777528241
MOD03.A2022204.0715.061.2022204125948.hdf,2022-07-23 07:15,61,120183,N,-118.250809666474,-8.71867439841957,-29.6891045403214,-144.700421461223,-118.246690864369,-142.036879928439,-144.721875619947,-123.316426822497,-26.3338315705847,-29.710473684498,-11.5753534801232,-8.67005854540131
MOD03.A2022204.0720.061.2022204125957.hdf,2022-07-23 07:20,61,120183,N,-123.596370058657,9.09708663420983,-11.7763108872637,-148.333991206207,-123.590899678808,-144.697153194513,-148.339970184378,-127.370433192469,-8.79205808775989,-11.7948257855144,6.15113877152361,9.12070476949858
MOD03.A2022204.0725.061.2022204125957.hdf,2022-07-23 07:25,61,120184,N,-127.482244369005,27.0256786488461,6.07898622050537,-153.304511377366,-127.411120247187,-148.322592042926,-153.372469192641,-130.465641456683,9.03096378560115,6.06212015564975,23.7847502652872,27.1704039063995
MOD03.A2022204.0730.061.2022204125919.hdf,2022-07-23 07:30,61,120184,N,-130.440569944708,44.9635640792155,23.7282137956602,-160.826871162981,-130.186317794706,-153.287484360357,-160.991892498053,-132.594762387907,26.9660499351742,23.7144500097169,40.9280312932629,45.2310699595829
MOD03.A2022204.0735.061.2022204125933.hdf,2022-07-23 07:35,61,120184,N,-132.553519726643,62.8708736318472,40.9071739449125,-174.429361616925,-132.120797882427,-160.791488503534,-174.757792479534,-133.28395784768,44.8920523493601,40.8980200607623,56.8785722395243,63.2071171024866
MOD03.A2022204.0740.061.2022204125956.hdf,2022-07-23 07:40,61,120184,B,-125.730770216796,80.7989123928553,56.9376512328822,154.617267648234,-132.394072797623,-174.354202342086,154.24777421229,-125.26347779092,62.7440556478545,56.931864312698,68.9538463444372,80.9164171558253
MOD03.A2022204.0745.061.2022204130356.hdf,2022-07-23 07:45,61,120184,D,180,89.9874714107181,69.1974814851883,-180,-123.723673012523,154.804023593025,101.628414137238,21.0443272655042,80.323872954112,69.1967710298058,69.0178185556367,80.4251334615492
MOD03.A2022204.0750.061.2022204130010.hdf,2022-07-23 07:50,61,120184,D,101.323237187522,81.2307048507001,57.2452014605128,20.0430369343507,18.1153259239577,101.325286043337,70.3920014565069,28.2637864039781,80.8404614406477,69.3975919961261,57.0195236204805,62.7889182077827
MOD03.A2022204.0755.061.2022204152240.hdf,2022-07-23 07:55,61,120184,D,69.8206909723075,63.3049577064767,41.2517868066178,27.5828811620858,27.5927222635086,69.8220858052304,56.4847653065366,27.5819775270225,63.2758872268072,57.3071424009822,41.1151659885353,44.9821195870598
MOD03.A2022204.0800.061.2022204152242.hdf,2022-07-23 08:00,61,120184,D,56.0151590199738,45.4002976300383,24.0907939728587,25.4937480068763,27.2985959985701,56.0174940228905,48.7370198262127,25.4709163811996,45.4212264523552,41.3216468917627,24.0161539778142,27.1504638544271
MOD03.A2022204.0805.061.2022204152250.hdf,2022-07-23 08:05,61,120184,D,48.4111337176135,27.4633143878082,6.44748631430731,22.5631704659214,25.3390001957332,48.4157271000433,43.5634252481932,22.5427004006229,27.4928666211354,24.161052899463,6.41941930383723,9.34679644523634
MOD03.A2022204.0810.061.2022204152233.hdf,2022-07-23 08:10,61,120184,D,43.4004856341022,9.53293582587493,-11.4048841985477,18.7144209440259,22.4829403734635,43.4164204574222,39.7391934338266,18.7059210727596,9.5626315315616,6.51819577720879,-11.4297601105214,-8.36238109931454
MOD03.A2022204.0815.061.2022204152236.hdf,2022-07-23 08:15,61,120184,D,39.7472886193316,-8.29007987958441,-29.3181916550778,13.3944835908572,18.6707744075719,39.9472442284493,36.9779315978542,13.3865531842778,-8.26353659978733,-11.352702410631,-29.4806526245815,-25.9090273803587
MOD03.A2022204.0820.061.2022204152236.hdf,2022-07-23 08:20,61,120184,D,37.0053193543139,-25.8357777208275,-47.1960714647097,5.28563972157365,13.4131568353448,37.3775550163472,35.1187900501622,5.20911219492013,-25.8206005603958,-29.2612548872207,-47.4808060017235,-42.8747517192349
MOD03.A2022204.0825.061.2022204152302.hdf,2022-07-23 08:25,61,120184,D,35.1598981788288,-42.8251386617462,-65.029286193055,-9.65060313636753,5.3261948666354,35.7473384439327,35.0998589476744,-9.90588793109568,-42.8147617745287,-47.1200904764961,-65.3585401694724,-58.4346552501092
MOD03.A2022204.0830.061.2022204152606.hdf,2022-07-23 08:30,61,120184,B,47.1215615030846,-58.4693194065138,-82.8743488972604,-43.5072310475188,-9.56278277381895,35.8911155720421,48.0788639445817,-43.7827829319376,-58.464558667247,-64.8708346124001,-82.838622352272,-69.4533995234848
MOD03.A2022204.0835.061.2022204152929.hdf,2022-07-23 08:35,61,120184,N,180,-68.198952056581,-89.9854165493269,-180,-43.2773601139602,49.8878099448678,-170.338859350478,-94.8359529446555,-69.6900297226941,-82.1849467716349,-78.5250769799144,-67.8645498543619
MOD03.A2022204.0840.061.2022204152420.hdf,2022-07-23 08:40,61,120184,N,-95.1865036682729,-55.5312098023209,-79.3300918006694,-171.087497996842,-95.1845152211012,-172.555810406931,-164.496104733145,-123.398188028289,-68.2377916583782,-78.9644711649284,-60.870917968302,-55.2926487041686
MOD03.A2022204.0845.061.2022204152207.hdf,2022-07-23 08:45,61,120184,N,-124.01840875752,-39.4958140562665,-61.3952733529951,-165.176342012995,-124.017082366561,-164.977585983617,-165.179599001856,-136.461287237737,-55.5979950589925,-61.3678739797299,-43.1442816804174,-39.3444733330724
MOD03.A2022204.0850.061.2022204152147.hdf,2022-07-23 08:50,61,120184,N,-136.994267513306,-22.3574888305903,-43.5590820112339,-167.232634735448,-136.991719616431,-165.332672094446,-167.255019021729,-143.955829903615,-39.5689739037065,-43.5773913118032,-25.3654353399981,-22.2708354274769
MOD03.A2022204.0855.061.2022204152140.hdf,2022-07-23 08:55,61,120184,N,-144.349481827017,-4.73553551001392,-25.6679384031015,-170.149758289728,-144.345005060589,-167.280090388703,-170.168906118081,-149.045886387753,-22.4310445397451,-25.689295958764,-7.58808916682087,-4.69601794979182
MOD03.A2022204.0900.061.2022204152137.hdf,2022-07-23 09:00,61,120184,N,-149.290755212522,13.1173786813865,-7.75846446504563,-174.028542465745,-149.285080689885,-170.144225286231,-174.046339726501,-152.874255697817,-4.808818420644,-7.77670625353854,10.135778007229,13.1659304986314
MOD03.A2022204.0905.061.2022204152255.hdf,2022-07-23 09:05,61,120185,N,-152.940199302338,31.0551851615052,10.0663623876755,-179.424106288994,-152.828076981002,-174.015657756332,-179.50842922247,-155.745377875782,13.0544550413113,10.0500253359526,27.6907676564803,31.2292894067898
MOD03.A2022204.0910.061.2022204152146.hdf,2022-07-23 09:10,61,120185,N,-155.716333433855,48.9851055419986,27.6395814417197,172.142669563299,-155.419196249238,-179.4042404467,171.947334351325,-157.644135130538,30.9944460102343,27.6266861398648,44.6556703779451,49.2768533609666
MOD03.A2022204.0915.061.2022204152201.hdf,2022-07-23 09:15,61,120185,B,-157.594790798609,66.8952181861719,44.6471195757178,156.077540809165,-157.075774804944,172.183124658783,155.704842520581,-157.612465529189,48.9094368438654,44.6390649297605,60.1108449289247,67.2220067247377
MOD03.A2022204.0920.061.2022204152233.hdf,2022-07-23 09:20,61,120185,D,-140.302979916371,84.8244643103349,60.200401936068,118.71528824292,-156.662638459407,156.166572119905,118.468944821197,-138.608147117128,66.7327171326628,60.1976320724145,70.3631241405775,84.6674992086676
MOD03.A2022204.0925.061.2022204152624.hdf,2022-07-23 09:25,61,120185,D,180,89.988527661352,67.3727403860042,-180,-137.553650468485,118.931086363623,67.5891347262425,0.124584993919489,84.031932898825,70.6598828097569,67.0495194356676,76.602058249032
MOD03.A2022204.0930.061.2022204152240.hdf,2022-07-23 09:30,61,120185,D,67.1450042226108,77.2940934399734,53.8328325209557,-0.376896441176801,-1.75048390964539,67.1469622031941,41.6380006179673,3.61087433603897,77.0572428262402,67.4120793039601,53.6277230044169,58.7948649870157
MOD03.A2022204.0935.061.2022204152235.hdf,2022-07-23 09:35,61,120185,D,41.0723271389491,59.2830849563396,37.4716603253451,2.47941772572852,3.0730599149394,41.0741836032963,29.6796088463772,2.47136348720024,59.2786411474659,53.8972305197632,37.3435576157053,40.9798040301843
MOD03.A2022204.0940.061.2022204152235.hdf,2022-07-23 09:40,61,120185,D,29.20543227712,41.3771809191606,20.159932253848,0.186754860548075,2.23621082930981,29.2187847859852,22.6709869118936,0.162551750267343,41.4039070887072,37.5405919549173,20.1008584040166,23.1461055312402
MOD03.A2022204.0945.061.2022204152236.hdf,2022-07-23 09:45,61,120185,D,22.3981411580577,23.4343712301579,2.45106693661484,-2.94202811753687,0.0387686627658653,22.4034388543835,17.8851580219643,-2.95918948841511,23.4658480219787,20.2303660250277,2.43172021963081,5.36323642461783
MOD03.A2022204.0950.061.2022204152237.hdf,2022-07-23 09:50,61,120185,D,17.7654663138539,5.51925317513451,-15.4232644716897,-7.06432487651929,-3.02029304840989,17.8015951841469,14.3029168807203,-7.0714148625692,5.55051567090475,2.51903178171346,-15.4789144744862,-12.3299523296851
MOD03.A2022204.0955.061.2022204165918.hdf,2022-07-23 09:55,61,120185,D,14.3151105760621,-12.2567825224951,-33.3376624581244,-12.8231031223524,-7.06451892424908,14.5759108797626,11.7499518074541,-12.8313004328363,-12.233493966035,-15.3743852287383,-33.5258269013475,-29.7876906302673
MOD03.A2022204.1000.061.2022204165909.hdf,2022-07-23 10:00,61,120185,D,11.7798364828312,-29.714491721775,-51.1995018956287,-21.9476418528099,-12.8007951712642,12.1956044685021,10.1563400023459,-22.0569840096263,-29.7002508977349,-33.277933054518,-51.5088797571522,-46.5411017192048
MOD03.A2022204.1005.061.2022204170012.hdf,2022-07-23 10:05,61,120185,B,11.0190675149687,-46.5043077178828,-69.0367514435679,-39.6552916775094,-21.9000379638874,10.8447207516109,11.027683122312,-39.9559310727407,-46.4951730355658,-51.1168107571356,-69.3442176156881,-61.5188487756468
MOD03.A2022204.1010.061.2022204170304.hdf,2022-07-23 10:10,61,120185,N,42.2249052030166,-61.5869138296252,-86.8818299105829,-79.8822615633061,-39.5466685526936,11.9198750506341,46.2832384973279,-80.017049648988,-61.5834265949048,-68.8304023378301,-86.2322010229624,-70.4648497296938
MOD03.A2022204.1015.061.2022204170815.hdf,2022-07-23 10:15,61,120185,N,180,-65.9584845945297,-89.9877600112499,-180,-79.6319808241642,45.5174244814137,167.933779594408,-128.203120329001,-70.7570621254674,-85.549350621625,-74.6214585587504,-65.6421948310324
MOD03.A2022204.1020.061.2022204170133.hdf,2022-07-23 10:20,61,120185,N,-128.685751331219,-52.1684042367032,-75.3219701411577,167.522852768023,-128.683885113227,166.521995086392,170.839969871411,-151.793517154033,-66.0072951138185,-75.0953350007807,-56.9852635108321,-51.9521262314409
MOD03.A2022204.1025.061.2022204165908.hdf,2022-07-23 10:25,61,120185,N,-152.405327191588,-35.7097202172664,-57.4758259494981,169.729152227703,-152.40411942904,170.457793153734,169.719418743917,-163.182977025837,-52.2382637196286,-57.4718938798245,-39.1525354243529,-35.5746638769165
MOD03.A2022204.1030.061.2022204165906.hdf,2022-07-23 10:30,61,120185,N,-163.686566284197,-18.4299630169026,-39.5462928922136,167.462945449335,-163.683500546862,169.602568200131,167.439622240389,-169.972567537473,-35.7832093909036,-39.5661068315485,-21.3702608251177,-18.3552374322454
MOD03.A2022204.1035.061.2022204165819.hdf,2022-07-23 10:35,61,120185,N,-170.333820256547,-0.739214288212948,-21.644053021029,164.353149489531,-170.329024783856,167.432414051505,164.337131829069,-174.714456449466,-18.5034112443887,-21.6650488517106,-3.60341901980823,-0.708239666329801
MOD03.A2022204.1040.061.2022204165819.hdf,2022-07-23 10:40,61,120185,N,-174.922049791826,17.1430336893831,-3.74305568545931,160.202249574007,-174.916158072064,164.35979147808,160.171995253023,-178.33512795147,-0.81299517801314,-3.76100279733407,14.1091642300075,17.2172609518582
MOD03.A2022204.1045.061.2022204165827.hdf,2022-07-23 10:45,61,120186,N,-178.354651215722,35.0857959147963,14.0426294285601,154.312615441417,-178.202524472391,160.216484823291,154.208791436573,179.017618743092,17.0820816518494,14.0269620951103,31.5691152702222,35.2872855973081
MOD03.A2022204.1050.061.2022204165830.hdf,2022-07-23 10:50,61,120186,N,179.050069337612,53.0042384906441,31.52480676846,144.762617114319,179.39410873246,154.335121523572,144.532398369111,177.390552280502,35.0230677933454,31.5129101893088,48.3161251765164,53.3196034653558
MOD03.A2022204.1055.061.2022204165837.hdf,2022-07-23 10:55,61,120186,B,178.40415321759,70.9214313049363,48.3234237273171,125.54413538735,178.026412168752,144.811191400416,125.134477585328,178.421822094548,52.9229193831783,48.3166683504401,63.1185441646748,71.2249697492521
MOD03.A2022204.1100.061.2022204170119.hdf,2022-07-23 11:00,61,120186,D,-125.915514246467,88.8510468023367,63.2459044752836,81.5657009703015,179.503313368816,125.655129403055,81.5214646063616,-117.359249846205,70.709495109471,63.2446032921786,71.0039348982277,87.4088243039283
MOD03.A2022204.1105.061.2022204170245.hdf,2022-07-23 11:05,61,120186,D,180,89.9894923839589,64.8430817780649,-180,-124.697367440757,81.7969245353398,34.9593861897108,-22.7128426307612,86.8783947730016,71.3394674303585,64.5495892597005,72.6469194323249
MOD03.A2022204.1110.061.2022204165917.hdf,2022-07-23 11:10,61,120186,D,34.4293682436475,73.2683329980047,50.3805499117274,-22.9975426027096,-24.0003477499048,34.4311685571835,13.5819087884117,-21.1959340957606,73.1233128962308,64.893359019564,50.1883883731835,54.8878911266336
MOD03.A2022204.1115.061.2022204165928.hdf,2022-07-23 11:15,61,120186,D,13.0122701909885,55.3506717041931,33.7203500335378,-22.6688525392194,-21.6404375794609,13.0248675905256,3.13350439314776,-22.6829215538029,55.3622647889187,50.4430087219996,33.612265221971,37.0620506874491
MOD03.A2022204.1120.061.2022204165913.hdf,2022-07-23 11:20,61,120186,D,2.72012892775944,37.4381765914442,16.2060532201583,-25.1702604571883,-22.8959098589187,2.72490855592443,-3.25993659643975,-25.194609856739,37.4660136376397,33.7897646539903,16.1572336041437,19.1458730842409
MOD03.A2022204.1125.061.2022204165911.hdf,2022-07-23 11:25,61,120186,D,-3.4992338953948,19.4059110288364,-1.55600468507976,-28.4883410682667,-25.2969565625853,-3.49343017483667,-7.7247460790498,-28.5032579518001,19.43773561422,16.276919798736,-1.56842683254226,1.38443090358152
MOD03.A2022204.1130.061.2022204165919.hdf,2022-07-23 11:30,61,120186,D,-7.80680378088575,1.50990864380815,-19.4501683582204,-32.8985291395751,-28.5498022125227,-7.71091142061909,-11.0442810204366,-32.9058665571366,1.53925864343504,-1.4957356867668,-19.536786814114,-16.2873962644347
MOD03.A2022204.1135.061.2022204165909.hdf,2022-07-23 11:35,61,120186,D,-11.0261161418371,-16.21450227148,-37.3570638342624,-39.198806716889,-32.8833123320353,-10.7541908544578,-13.4339583759143,-39.2119909628173,-16.1973331187804,-19.3978906244306,-37.5760414653319,-33.6353676411448
MOD03.A2022204.1140.061.2022204165955.hdf,2022-07-23 11:40,61,120186,D,-13.4004026014668,-33.5638814552582,-55.2037624545361,-49.5744966265874,-39.1732835043567,-12.9389104061533,-14.7057537592811,-49.7212486602953,-33.5506438510217,-37.2932603246879,-55.5322930998467,-50.1303390414083
MOD03.A2022204.1145.061.2022204170138.hdf,2022-07-23 11:45,61,120186,B,-12.5441923340178,-50.1092924654788,-73.0467361350329,-70.8135339135315,-49.5174495629192,-13.9639536856621,-12.4756165005193,-71.1503655742552,-50.1013957181831,-55.1104379826711,-73.3148016418816,-64.3380908796643
MOD03.A2022204.1150.061.2022204170724.hdf,2022-07-23 11:50,61,120186,N,180,-64.4467860963239,-89.9884505822773,-180,-70.678738042161,-11.4562355563956,92.2790983213203,-116.970642125343,-64.4439812335269,-72.7743932098699,-86.9900516989933,-70.6767379963104
MOD03.A2022204.1155.061.2022204185849.hdf,2022-07-23 11:55,61,120186,N,-116.796506641567,-63.2921025746544,-89.1573375664447,82.4401703392844,-116.787172552975,80.6048212528365,144.875457842705,-160.080284849288,-71.0141302532793,-86.8220378734546,-70.6868366086466,-62.9986447277755
MOD03.A2022204.1200.061.2022204185439.hdf,2022-07-23 12:00,61,120186,N,-160.64132816957,-48.6166839485879,-71.3112343711305,144.63345472824,-160.639622729504,143.764039562624,146.026205188719,-179.715355294269,-63.3484023200369,-71.1649416267609,-53.0074716664743,-48.4206400978581
MOD03.A2022204.1205.061.2022204185313.hdf,2022-07-23 12:05,61,120186,N,179.691147085347,-31.9643091476834,-53.468329678726,144.587491647692,179.692251938986,145.736938732187,144.572689516398,170.342761463518,-48.6881450933027,-53.4786561423466,-35.2473296758888,-31.8440935769088
MOD03.A2022204.1210.061.2022204185308.hdf,2022-07-23 12:10,61,120186,N,169.871117660016,-14.4804240336887,-35.6155747099321,142.117975289455,169.874615310299,144.483589405033,142.094950059167,164.110021601602,-32.0374952190666,-35.6364343007775,-17.3727829091513,-14.4168886429118
MOD03.A2022204.1215.061.2022204185312.hdf,2022-07-23 12:15,61,120186,N,163.781705261623,3.26754590906896,-17.618234407259,138.804356251559,163.786799177844,142.10123205186,138.79255456915,159.6739441011,-14.553780147216,-17.638502369361,0.376196182198911,3.29093792533103
MOD03.A2022204.1220.061.2022204185313.hdf,2022-07-23 12:20,61,120187,N,159.503867426334,21.1727202785434,0.268537358222812,134.348430693152,159.516945033613,138.812100949374,134.304487513393,156.252470503198,3.19482380246933,0.25094546722188,18.0684291561935,21.2736711382122
MOD03.A2022204.1225.061.2022204185313.hdf,2022-07-23 12:25,61,120187,N,156.273353504936,39.1156101858167,18.0053891055503,127.883465827267,156.466550971915,134.364334776108,127.750794723901,153.829285803004,21.1128321645773,17.9904515278187,35.4155322543121,39.3448116866603
MOD03.A2022204.1230.061.2022204185323.hdf,2022-07-23 12:30,61,120187,N,153.864405965514,57.0255766525487,35.3815493984067,116.958124438834,154.255914133919,127.909244682373,116.681487093525,152.531821630665,39.050074309707,35.3707628439611,51.8931143274264,57.3567139207791
MOD03.A2022204.1235.061.2022204185341.hdf,2022-07-23 12:35,61,120187,B,155.094247782924,74.9484745197721,51.9246169752046,93.7068503404243,153.242615157439,117.013337632111,93.2795900697563,155.189060653225,56.9321212954624,51.9175175509279,65.8255296066942,75.2108424089056
MOD03.A2022204.1240.061.2022204185727.hdf,2022-07-23 12:40,61,120187,D,180,89.9879916146481,65.994765350494,-180,156.433757357648,93.8394792937559,44.2974983174618,-74.0528092354127,74.664916783489,65.9940305187786,70.8016560209251,85.8433300836503
MOD03.A2022204.1245.061.2022204185626.hdf,2022-07-23 12:45,61,120187,D,44.3352522703247,87.1695495201064,61.9580718175954,-79.1467066699319,-82.4183012413811,44.3371684492848,3.75264103124398,-46.3733120398728,86.0257481282015,71.1588894861351,61.6907775070339,68.6743251815631
MOD03.A2022204.1250.061.2022204185432.hdf,2022-07-23 12:50,61,120187,D,3.17915825195675,69.2417055558777,46.7403904946201,-46.5523816863733,-47.4298228126574,3.18078658779068,-14.0647245800986,-46.1202989386813,69.1526169096696,62.0142671544345,46.5761080657589,50.8898793004822
MOD03.A2022204.1255.061.2022204185419.hdf,2022-07-23 12:55,61,120187,D,-14.5828841721392,51.3312838756753,29.8465341204811,-47.8744006394211,-46.4899021128622,-14.580294670606,-23.2482950996031,-47.8929056755354,51.3474298775397,46.8083649983163,29.754127894579,33.0561960068601
MOD03.A2022204.1300.061.2022204185524.hdf,2022-07-23 13:00,61,120187,D,-23.6193155402389,33.4068309112282,12.3215794511968,-50.5442229581559,-48.069402597496,-23.6146076906536,-29.070325785501,-50.567875083499,33.4346991404818,29.9162813683067,12.2803784174722,15.2351979922638
MOD03.A2022204.1305.061.2022204185508.hdf,2022-07-23 13:05,61,120187,D,-29.2871919306574,15.4648470839133,-5.57084569410928,-54.0843661414943,-50.6590675017663,-29.2811210811813,-33.2873691427153,-54.095682575572,15.4966726537023,12.3932802896685,-5.57744559323235,-2.5889233602281
MOD03.A2022204.1310.061.2022204185711.hdf,2022-07-23 13:10,61,120187,D,-33.332527848732,-2.49464750833442,-23.477179389757,-58.820408932801,-54.128804208295,-33.1970234537327,-36.3773433229331,-58.8279861972294,-2.46742724655774,-5.51433447846175,-23.5946707838037,-20.2308337143949
MOD03.A2022204.1315.061.2022204185510.hdf,2022-07-23 13:15,61,120187,D,-36.3543009484653,-20.1579941734575,-41.3757541724013,-65.7590612745467,-58.803165699333,-36.0416424929459,-38.5641063814779,-65.7981067676297,-20.1418600878951,-23.4239662068469,-41.6223344664156,-37.4437968607908
MOD03.A2022204.1320.061.2022204185518.hdf,2022-07-23 13:20,61,120187,D,-38.5272005228576,-37.3803600123994,-59.2135283065462,-77.6997759719168,-65.7297783203481,-38.0176633129821,-39.4300722180519,-77.8794898517855,-37.3687601021392,-41.3072915311697,-59.5506036365721,-53.623580118101
MOD03.A2022204.1325.061.2022204185720.hdf,2022-07-23 13:25,61,120187,B,-34.977001948619,-53.6191006700483,-77.0588774925707,-103.393555517462,-77.6315423186108,-38.5955312698053,-34.7700066208125,-103.740737124278,-53.6125012379022,-59.0985746183926,-77.2532032550543,-66.796513955678
MOD03.A2022204.1330.061.2022204190037.hdf,2022-07-23 13:30,61,120187,N,180,-66.952350711598,-89.9848702288888,-180,-103.229827379482,-33.7079746273097,103.578678841597,-153.684932696981,-66.9510413523232,-76.6881048307953,-84.0101959699655,-70.0614823359726
MOD03.A2022204.1335.061.2022204185655.hdf,2022-07-23 13:35,61,120187,N,-153.745046562717,-60.3122174704742,-85.1457417857687,100.857285281232,-153.738607145075,97.5863852367765,120.849104946782,169.312691907571,-70.4256869159443,-84.2764034286736,-66.7232878329554,-60.0421072878811
MOD03.A2022204.1340.061.2022204185423.hdf,2022-07-23 13:40,61,120187,N,168.712275101447,-44.975912516269,-67.299439050854,120.692903175037,168.713815605782,120.113925658298,121.100017564842,152.811163869199,-60.374038647992,-67.2150173226664,-49.0179879268737,-44.7990737779649
MOD03.A2022204.1345.061.2022204185328.hdf,2022-07-23 13:45,61,120187,N,152.240618309646,-28.1001632633272,-49.463015348546,119.392550256698,152.242287482307,120.88302003053,119.373981137807,144.007385823069,-45.0487827121289,-49.4781142292485,-31.2511944787668,-27.9936379309118
MOD03.A2022204.1350.061.2022204185330.hdf,2022-07-23 13:50,61,120187,N,143.564195866356,-10.6022200285442,-31.594111850548,116.741728486481,143.568341230168,119.306916406875,116.719504208928,138.301206480886,-28.1738134954064,-31.6153984628458,-13.4684290563287,-10.5493096127327
MOD03.A2022204.1355.061.2022204205346.hdf,2022-07-23 13:55,61,120187,N,138.007087188342,7.28042766707174,-13.6834847381817,113.197969493864,138.012429745036,116.736753439949,113.191272079473,134.113428548805,-10.675868843286,-13.7029900198952,4.34745265041948,7.29688214542791
MOD03.A2022204.1400.061.2022204205345.hdf,2022-07-23 14:00,61,120188,N,133.983202073855,25.2014404444052,4.27026809369363,108.397589642509,134.03653514402,113.206709777326,108.336919256406,130.918526322646,7.21224093410401,4.25298820583012,22.0071006547266,25.3330015137139
MOD03.A2022204.1405.061.2022204205346.hdf,2022-07-23 14:05,61,120188,N,130.944063770993,43.1400860885113,21.9486168163171,101.268950029221,131.166217353898,108.415232049774,101.082092209541,128.680183336174,25.1412146791167,21.934396385351,39.2181989966233,43.395342007581
MOD03.A2022204.1410.061.2022204205402.hdf,2022-07-23 14:10,61,120188,N,128.71846911944,61.0467197413947,39.2018614342043,88.5765140601805,129.16983570021,101.299066640492,88.2947701678489,127.814012752668,43.0714276443836,39.19375085215,55.3667654895237,61.3849093936808
MOD03.A2022204.1415.061.2022204205418.hdf,2022-07-23 14:15,61,120188,B,133.197878539756,78.9730096074707,55.4056807006628,60.2541132305946,128.616590289814,88.6461259168642,59.8645219713736,133.483807442876,60.9319467857276,55.4012351026989,68.1025408577103,79.1528976133338
MOD03.A2022204.1420.061.2022204205845.hdf,2022-07-23 14:20,61,120188,D,180,89.9875401030268,68.3140842282119,-180,134.913660690013,60.4235625227399,7.84538187027845,-81.2573933781301,78.5772878894387,68.3133573261186,69.7625316160376,82.2519884949332
MOD03.A2022204.1425.061.2022204205615.hdf,2022-07-23 14:25,61,120188,D,7.63948577166518,83.1451376365449,58.813263331296,-82.7672558446464,-85.1395936572969,7.64153476045323,-26.2891039848509,-70.7308355817111,82.6260222862795,70.1404876457683,58.5721149086379,64.6870061099218
MOD03.A2022204.1430.061.2022204205451.hdf,2022-07-23 14:30,61,120188,D,-26.8727157438549,65.2183869129617,43.0366755384746,-71.1179660171004,-71.4413536839452,-26.8712503396365,-41.3137075440513,-71.1148202276098,65.1752916538732,58.8735671252214,42.8908740807165,46.8855684173797
MOD03.A2022204.1435.061.2022204205440.hdf,2022-07-23 14:35,61,120188,D,-41.8016100734934,47.3123190239541,25.950496201924,-73.1255653844442,-71.4462037661341,-41.7984464272513,-49.4804003618412,-73.1470220289348,47.3307739459415,43.105545200208,25.8715531514029,29.0539987007651
MOD03.A2022204.1440.061.2022204205443.hdf,2022-07-23 14:40,61,120188,D,-49.8159533738811,29.3779862707926,8.34137822917759,-75.9745800503295,-73.2970506625453,-49.8108919590673,-54.8416715799489,-75.996822525319,29.4071981937619,26.0209935009022,8.30941848575496,11.2420588465275
MOD03.A2022204.1445.061.2022204205444.hdf,2022-07-23 14:45,61,120188,D,-55.0213297744247,11.4424694088896,-9.4972173313858,-79.7200250406932,-76.0708773153951,-55.015024887206,-58.7841394002482,-79.7263805246418,11.4736344843112,8.41370178749387,-9.50928862361525,-6.4705609610302
MOD03.A2022204.1450.061.2022204205444.hdf,2022-07-23 14:50,61,120188,D,-58.7951066193825,-6.3983597125333,-27.4984984727966,-84.8535229117566,-79.7537440494848,-58.6145498117172,-61.6684079721814,-84.8612984351705,-6.37137931916395,-9.44417063327011,-27.646633461796,-24.1462192022252
MOD03.A2022204.1455.061.2022204205545.hdf,2022-07-23 14:55,61,120188,D,-61.6410932082653,-24.0736912104691,-45.3844960677887,-92.5623025925283,-84.8337562874319,-61.2840224901686,-63.6303653728096,-92.6248573183859,-24.0579100908909,-27.4433308791886,-45.6573787216908,-41.1976648996659
MOD03.A2022204.1500.061.2022204205556.hdf,2022-07-23 15:00,61,120188,D,-63.5929439242152,-41.1420112176473,-63.2183378499321,-106.454163922176,-92.527426619509,-63.0291133895608,-63.9576519628002,-106.686061395053,-41.1310292195901,-45.3108296840823,-63.552451205046,-56.9744642517701
MOD03.A2022204.1505.061.2022204205836.hdf,2022-07-23 15:05,61,120188,B,-55.0690658031643,-56.9970284660044,-81.0641672312184,-137.575850174516,-106.370853287603,-63.041807478249,-54.4850283051929,-137.887308652209,-56.9917087600214,-63.0722310465992,-81.1177900805897,-68.7652712618598
MOD03.A2022204.1510.061.2022204210416.hdf,2022-07-23 15:10,61,120188,N,180,-68.9750485658057,-89.9879629450283,-180,-137.379354473945,-53.5109380356384,88.9286049205718,170.710186273495,-68.9743409898869,-80.5276824605471,-80.28101429644,-68.6950839341676
MOD03.A2022204.1515.061.2022204205808.hdf,2022-07-23 15:15,61,120188,N,170.435898093954,-57.1106602796065,-81.1402356773013,87.8843584939839,170.441399705851,85.7107243473316,96.5170084891498,139.727648960389,-69.0700433418327,-80.6728127453532,-62.7608004474025,-56.8635496474163
MOD03.A2022204.1520.061.2022204205502.hdf,2022-07-23 15:20,61,120188,N,139.113322777036,-41.2721822520207,-63.2940179680777,96.0885417924778,139.114713476297,95.9671974952073,96.0892846737135,125.690670732272,-57.1763266818105,-63.2510268763382,-45.0345841907146,-41.1134824019033
MOD03.A2022204.1525.061.2022204205350.hdf,2022-07-23 15:25,61,120188,N,125.147238992002,-24.2142634204043,-45.4596523479872,94.1381471580756,125.149519634167,95.9121116484751,94.1166559615399,117.81711516668,-41.3452494052669,-45.4770383467514,-27.2607534527007,-24.1192697444027
MOD03.A2022204.1530.061.2022204205344.hdf,2022-07-23 15:30,61,120188,N,117.398142393278,-6.62760713461615,-27.5763723955961,91.3103445092407,117.402051799508,94.0810532841644,91.2898502235118,112.534128369886,-24.2874631507776,-27.59897260698,-9.48050370229331,-6.58570344786928
MOD03.A2022204.1535.061.2022204205344.hdf,2022-07-23 15:35,61,120188,N,112.283840430899,11.2064893785703,-9.66654773603382,87.5507285316897,112.289429955192,91.3153063477389,87.5401479197328,108.613511515167,-6.70128539295434,-9.68506055706009,8.24281804309761,11.2430161958834
MOD03.A2022204.1540.061.2022204205350.hdf,2022-07-23 15:40,61,120189,N,108.526337648111,29.226668198151,8.17178483226883,82.3368592674759,108.614918663291,87.5631432810861,82.2604111899709,105.616748754984,11.1417290469129,8.15498395012699,25.920748242742,29.3879186270654
MOD03.A2022204.1545.061.2022204205351.hdf,2022-07-23 15:45,61,120189,N,105.646763793782,47.1580023178332,25.867520751243,74.3565619868916,105.901110838833,82.3577972476986,74.161791020007,103.583901701766,29.1650352031439,25.8537060668822,42.9695015052749,47.438270725433
MOD03.A2022204.1550.061.2022204205402.hdf,2022-07-23 15:50,61,120189,B,103.623938105872,65.0658025688336,42.95873893028,59.478774669389,104.143395788487,74.3939051374824,59.1348509056658,103.29781706923,47.0855095222797,42.948541289506,58.6703661217984,65.3962888545298
MOD03.A2022204.1555.061.2022204234042.hdf,2022-07-23 15:55,61,120189,D,114.901169855443,82.99365741492,58.7418815386769,25.1082905025038,104.22125743273,59.5613891431884,24.7994953165593,115.806854944204,64.9200600335518,58.7383039999744,69.8126946404792,82.9971216335497
MOD03.A2022204.1600.061.2022204234554.hdf,2022-07-23 16:00,61,120189,D,180,89.9881954013662,68.3609509449209,-180,117.2317771345,25.3108451475411,-27.1591752022981,-100.190707478513,82.3818816868476,70.0813911523668,68.0308848976434,78.3875442833018
MOD03.A2022204.1605.061.2022204234148.hdf,2022-07-23 16:05,61,120189,D,-27.5430536814168,79.1253971915271,55.478740096278,-100.874024694302,-102.439730426823,-27.5410419943255,-55.4061200830264,-95.2901768116136,78.8287550711651,68.400468976668,55.262371270989,60.7019074709409
MOD03.A2022204.1610.061.2022204234059.hdf,2022-07-23 16:10,61,120189,D,-55.9809630531772,61.201358497845,39.2777647979294,-96.2059753223918,-95.8655599282046,-55.9796403612101,-68.2413670765272,-96.2110903088702,61.186577425636,55.5418433044559,39.1491139241766,42.8893206282639
MOD03.A2022204.1615.061.2022204234100.hdf,2022-07-23 16:15,61,120189,D,-68.6967741283042,43.296242081609,22.036052339028,-98.4141875179034,-96.4797906284397,-68.6931096334909,-75.5737523737271,-98.4380452470563,43.3181143854526,39.3473370156311,21.968802316893,25.0575887915909
MOD03.A2022204.1620.061.2022204234055.hdf,2022-07-23 16:20,61,120189,D,-75.876444005338,25.3554605923396,4.35738375075172,-101.450121902403,-98.5703331743918,-75.8710592152514,-80.541710304028,-101.469955429435,25.3856049293629,22.1064434732686,4.33339946745728,7.26242396284485
MOD03.A2022204.1625.061.2022204234102.hdf,2022-07-23 16:25,61,120189,D,-80.6859876680573,7.43222198869856,-13.5093584968792,-105.442262570021,-101.532832433553,-80.648545564624,-84.2287822010173,-105.449231217945,7.46312745147668,4.42518118073037,-13.5501265940098,-10.4404457345976
MOD03.A2022204.1630.061.2022204234113.hdf,2022-07-23 16:30,61,120189,D,-84.2185561579732,-10.367280277597,-31.4230615544129,-110.97072758443,-105.451812317406,-84.0051251817368,-86.8992841186353,-110.97878819873,-10.3451148304065,-13.4567871462585,-31.5996019037254,-27.9456905459313
MOD03.A2022204.1635.061.2022204234113.hdf,2022-07-23 16:35,61,120189,D,-86.8702997168473,-27.8726361264823,-49.3817276917424,-119.639536538551,-110.950496077731,-86.4674935262757,-88.6269936065914,-119.731745653797,-27.8579405174627,-31.3650719444108,-49.6813086551201,-44.8882097805955
MOD03.A2022204.1640.061.2022204234149.hdf,2022-07-23 16:40,61,120189,B,-88.1971618974732,-44.8435382031942,-67.2171457453683,-136.009060788774,-119.5982084911,-87.9678097562825,-88.204444962387,-136.287710471554,-44.8337785424544,-49.3020918020598,-67.5364911661928,-60.1498082520993
MOD03.A2022204.1645.061.2022204234412.hdf,2022-07-23 16:45,61,120189,N,-68.2403580847729,-60.2024364950876,-85.0630919561663,-173.32626312088,-135.907315929341,-87.2142182897552,-66.2119144736266,-173.533739965657,-60.1983994522744,-67.0291514964032,-84.769540172684,-70.1046812886686
MOD03.A2022204.1650.061.2022204235014.hdf,2022-07-23 16:50,61,120189,N,180,-67.0599721038661,-89.9879802504013,-180,-173.098485870293,-65.9732936257989,68.1637134711662,136.641932508081,-70.3702707043191,-84.1439550859333,-76.4055762650532,-66.712537464005
MOD03.A2022204.1655.061.2022204234354.hdf,2022-07-23 16:55,61,120189,N,136.163850882744,-53.7449773498718,-77.1409737578669,67.6313072816028,136.165783834953,66.2248571950327,71.9404567834533,110.905006321714,-67.1065584114584,-76.8571283501057,-58.7921494735073,-53.5340951408991
MOD03.A2022204.1700.061.2022204234126.hdf,2022-07-23 17:00,61,120189,N,110.336817025457,-37.5177257247665,-59.2946255893104,71.0230165156115,110.338077530357,71.518574103377,71.0160808385064,98.8570390063495,-53.8131452521814,-59.2806807075511,-41.0538038640233,-37.3755786754947
MOD03.A2022204.1705.061.2022204234052.hdf,2022-07-23 17:05,61,120189,N,98.341056069652,-20.3029742323415,-41.4569760637985,68.8543615032246,98.3438917288951,70.8799013190739,68.8313737819934,91.7500040577346,-37.5910597560241,-41.4761077226345,-23.2732849813331,-20.2230963431896
MOD03.A2022204.1710.061.2022204234056.hdf,2022-07-23 17:10,61,120189,N,91.3750950170031,-2.64531251182732,-23.561125775298,65.8370750816877,91.3797457852169,68.8141467233454,65.8194897091239,86.850687643224,-20.376474542062,-23.5824274376819,-5.50309469435927,-2.61058252674992
MOD03.A2022204.1715.061.2022204234045.hdf,2022-07-23 17:15,61,120189,N,86.6265548766848,15.2218473802162,-5.65729360972597,61.8204999166996,86.6323715628955,65.8429666167967,61.7963889126017,83.1358009055159,-2.7188989448613,-5.67541593365898,12.2142017480065,15.2837667023601
MOD03.A2022204.1720.061.2022204234045.hdf,2022-07-23 17:20,61,120190,N,83.0945544053213,33.155412253122,12.1459776760034,56.2365517463863,83.1357547872948,61.8341006105738,56.0834208828537,80.2773676174652,15.1511072898451,12.1299770455145,29.7187396906972,33.3433322523023
MOD03.A2022204.1725.061.2022204234016.hdf,2022-07-23 17:25,61,120190,N,80.3110201693501,51.1709709595676,29.6858345892709,47.1341546448528,80.7386112068015,56.2540112687375,46.9841118621861,78.6159436994211,33.0997686378805,29.6694317100519,46.6748125412388,51.4731240020733
MOD03.A2022204.1730.061.2022204234028.hdf,2022-07-23 17:30,61,120190,B,79.1433515297459,69.0833152721059,46.6536535473413,29.4520499335454,79.2176213574625,47.1766584894272,29.0570115573027,79.1419920801354,51.092603673268,46.6459644080495,61.7747707239694,69.3983916252179
MOD03.A2022204.1735.061.2022204234149.hdf,2022-07-23 17:35,61,120190,D,110.135358351444,87.0113796514222,61.8853207840571,-11.5393417839296,80.1644055694961,29.5547502295649,-11.6836683362219,114.275182362501,68.8949794987483,61.8833211558174,70.8112403088196,86.4412454326908
MOD03.A2022204.1740.061.2022204234557.hdf,2022-07-23 17:40,61,120190,D,180,89.9884401624186,66.0475192990771,-180,113.050024975068,-11.3133096146386,-60.498689517117,-122.32013137533,85.8041033171849,71.1302736822891,65.7412354474508,74.4566053802929
MOD03.A2022204.1745.061.2022204234102.hdf,2022-07-23 17:45,61,120190,D,-60.9989624866918,75.108156131369,52.0036223934373,-122.696685200916,-123.769128150512,-60.9970859809296,-83.8089070142019,-120.006634416727,74.9286065564731,66.0960805678817,51.8083541048737,56.714993632865
MOD03.A2022204.1750.061.2022204234108.hdf,2022-07-23 17:50,61,120190,D,-84.3683412511162,57.1880384600768,35.4739914462689,-121.346867867938,-120.509698359602,-84.3666829030845,-94.9179651833744,-121.358364026888,57.1907948180126,52.0690876010703,35.3602212912674,38.895378155914
MOD03.A2022204.1755.061.2022205004812.hdf,2022-07-23 17:55,61,120190,D,-95.3425473169012,39.2795061132736,18.1041632155978,-123.749152068514,-121.584223185921,-95.3390024044753,-101.561457836992,-123.773338510368,39.3045665706971,35.5441047897556,18.0461975394447,21.0645559953976
MOD03.A2022204.1800.061.2022205004809.hdf,2022-07-23 18:00,61,120190,D,-101.840561055733,21.3356403856296,0.364543675485427,-126.970358458953,-123.882266976271,-101.821861907698,-106.184793446147,-126.987288372688,21.3681054264388,18.1726183295679,0.348345562358633,3.28780183200112
MOD03.A2022204.1805.061.2022205004809.hdf,2022-07-23 18:05,61,120190,D,-106.288526530424,3.42875633892138,-17.5227336964514,-131.236034751158,-127.038345256114,-106.2123612334,-109.621770991528,-131.243252484177,3.45859594759186,0.426870503326292,-17.5945569719696,-14.3956781191855
MOD03.A2022204.1810.061.2022205004805.hdf,2022-07-23 18:10,61,120190,D,-109.606387434624,-14.3230165076691,-35.4332556446739,-137.264885138474,-131.226782781803,-109.353708965633,-112.103546982265,-137.273182187313,-14.3045561989351,-17.4704405291798,-35.6383590545131,-31.8004193186301
MOD03.A2022204.1815.061.2022205004806.hdf,2022-07-23 18:15,61,120190,D,-112.071208762545,-31.7274358536413,-53.287410128691,-147.008010370932,-137.241335682617,-111.63170082821,-113.535792842679,-147.13552482495,-31.7137493604619,-35.3717037515468,-53.607793141991,-48.4263240190791
MOD03.A2022204.1820.061.2022205004901.hdf,2022-07-23 18:20,61,120190,B,-112.031643873549,-48.3973367408949,-71.2164697683444,-166.596497867909,-146.956068491089,-112.802948267371,-111.996137895493,-166.914472266688,-48.3888576297674,-53.1999395927741,-71.5064455653105,-63.0934745037482
MOD03.A2022204.1825.061.2022205005332.hdf,2022-07-23 18:25,61,120190,N,-51.5524410640224,-63.1824026557007,-89.0620374499247,149.794158884886,-166.472342041189,-110.992436186127,-42.9320886783123,149.761319662258,-63.1795959025585,-70.9746046949778,-87.252804788781,-70.6876385607303
MOD03.A2022204.1830.061.2022205005337.hdf,2022-07-23 18:30,61,120190,N,180,-64.5545462249854,-89.9863906043554,-180,150.037187131669,-51.1366887758682,45.4817745839595,104.067534783859,-71.040898698944,-86.7815351228523,-72.485669635694,-64.2779916266884
MOD03.A2022204.1835.061.2022205004903.hdf,2022-07-23 18:35,61,120190,N,103.591824705137,-50.2506687563453,-73.1410135562246,45.169443515476,103.593606419993,44.1172327873184,47.1928380622868,82.7949294819899,-64.6091072786115,-72.9576729334327,-54.8261272900499,-50.045947079426
MOD03.A2022204.1840.061.2022205004717.hdf,2022-07-23 18:40,61,120190,N,82.1972699597295,-33.7166739535462,-55.2966575722935,45.8997815603615,82.1984195996494,46.8657729872207,45.8872685257174,72.2542635179719,-50.3209723409169,-55.3015119510405,-37.0705146086297,-33.5901118338566
MOD03.A2022204.1845.061.2022205004720.hdf,2022-07-23 18:45,61,120190,N,71.7679933374451,-16.3725614973144,-37.4502487442134,43.5307109351356,71.7713078245002,45.7848793909817,43.5073048294726,65.7883447947014,-33.7905027135822,-37.470701052527,-19.2859993259858,-16.3042509131332
MOD03.A2022204.1850.061.2022205004758.hdf,2022-07-23 18:50,61,120190,N,65.4466488786181,1.34773669161441,-19.5452415944133,40.3187396685162,65.4516114814487,43.5087898788935,40.3047903271862,61.2141232156975,-16.4461126232396,-19.5658201402272,-1.52899938319296,1.37463423877429
MOD03.A2022204.1855.061.2022205004757.hdf,2022-07-23 18:55,61,120190,N,61.0262317495014,19.2411953028304,-1.65208493060475,36.0214714224885,61.0322149015647,40.3254800978453,35.9764012981313,57.6960709446035,1.27433730546206,-1.66971032761742,16.1728889970629,19.3296636689486
MOD03.A2022204.1900.061.2022205004807.hdf,2022-07-23 19:00,61,120191,N,57.6995675418731,37.1832848422982,16.1095529771931,29.8349964367699,57.8730077118692,36.0364566525178,29.7275156752329,55.1678937104221,19.1810781018186,16.0949482969832,33.5780403999624,37.4008139242991
MOD03.A2022204.1905.061.2022205004816.hdf,2022-07-23 19:05,61,120191,N,55.1998022950579,55.0957794474168,33.5354185407594,19.614219013911,55.5667116034122,29.8598990819354,19.3543630970077,53.7018352217829,37.1190196374144,33.5238108664838,50.1877600015007,55.4196658764902
MOD03.A2022204.1910.061.2022205004824.hdf,2022-07-23 19:10,61,120191,B,55.4469756424861,73.1041672864791,50.2076534016149,-1.75251041154912,54.3816138885679,19.6673037190379,-2.15778339459723,55.4980495753298,55.0092170220667,50.2020198300272,64.6310303557435,73.3899558485934
MOD03.A2022204.1915.061.2022205005353.hdf,2022-07-23 19:15,61,120191,D,180,89.9866940593987,64.7740580386116,-180,56.6798401689827,-1.62467937376148,-48.8883754810547,164.880962630224,72.8566982835271,64.7727305298428,70.9935398977197,87.0927304239055
MOD03.A2022204.1920.061.2022205005250.hdf,2022-07-23 19:20,61,120191,D,-48.7528426497367,89.0141956910936,63.317804923728,155.154892000106,152.6643110248,-48.7491413369,-92.3620527897414,-145.724430098956,86.9744039355011,71.3762971127526,63.0562958882057,70.4900062892184
MOD03.A2022204.1925.061.2022205004815.hdf,2022-07-23 19:25,61,120191,D,-92.8805257257128,71.0866480532022,48.4249233006188,-145.956035020737,-146.819133411231,-92.8788191647704,-111.663804978242,-144.904514536373,70.9765818738196,63.3726478282825,48.2429907387609,52.720169870699
MOD03.A2022204.1930.061.2022205004811.hdf,2022-07-23 19:30,61,120191,D,-112.22242874416,53.1726476286525,31.6234246968664,-146.531224393771,-145.301312193172,-112.22133034166,-121.411990468507,-146.547956099101,53.1888401690613,48.4916913992102,31.5307065123217,34.8899559853859
MOD03.A2022204.1935.061.2022205004821.hdf,2022-07-23 19:35,61,120191,D,-121.776467828118,35.2543706493344,14.1430621451517,-149.117745135542,-146.738277308721,-121.77193963944,-127.447630632136,-149.141810491712,35.2813294282571,31.6939199623567,14.0972820024149,17.0676563693275
MOD03.A2022204.1940.061.2022205004808.hdf,2022-07-23 19:40,61,120191,D,-127.679489498499,17.3103313378872,-3.64256845809949,-152.540995939247,-149.235495417971,-127.673552292103,-131.770453365968,-152.553645041857,17.341639429121,14.2143140112046,-3.65251042694199,-0.683074757151719
MOD03.A2022204.1945.061.2022205004806.hdf,2022-07-23 19:45,61,120191,D,-131.838169707521,-0.573895944660102,-21.5440757216936,-157.11606299548,-152.594839407175,-131.721837857059,-134.974051817135,-157.123527042028,-0.54542709536049,-3.58426702045304,-21.6468191550765,-18.3408785470015
MOD03.A2022204.1950.061.2022205004812.hdf,2022-07-23 19:50,61,120191,D,-134.953232862345,-18.2679448182647,-39.4474388648018,-163.736259687258,-157.099717803751,-134.659888926447,-137.259348923214,-163.7605230965,-18.25124211847,-21.4914846394509,-39.6810733146855,-35.6220283171458
MOD03.A2022204.1955.061.2022205025305.hdf,2022-07-23 19:55,61,120191,D,-137.224281640501,-35.553743579861,-57.2893541690908,-174.879866611649,-163.708453533206,-136.736824721858,-138.331753190643,-175.045983191594,-35.5411552624952,-39.3815466458529,-57.6235421696649,-51.9613698512417
MOD03.A2022204.2000.061.2022205025440.hdf,2022-07-23 20:00,61,120191,B,-135.176626552873,-51.9495270335689,-75.1338361460504,161.685227678621,-174.817223430164,-137.559370945653,-135.05202104992,161.340390093157,-51.942338852585,-57.186126341556,-75.370103554344,-65.6706055430324
MOD03.A2022204.2005.061.2022205025922.hdf,2022-07-23 20:05,61,120191,N,180,-65.8019984180681,-89.9864097768352,-180,161.835831458014,-133.892060798141,-5.88458009807318,112.83440916028,-65.7996260467732,-74.8118260918216,-85.5601220875237,-70.4434208029484
MOD03.A2022204.2010.061.2022205025638.hdf,2022-07-23 20:10,61,120191,N,112.852198692526,-61.7095287911205,-86.9824590448767,-10.7643976866599,112.854093871982,-14.4420081896033,21.6556338566434,72.9006668624111,-70.8478892810017,-85.6966875648629,-68.5307430957738,-61.4622772111955
MOD03.A2022204.2015.061.2022205025327.hdf,2022-07-23 20:15,61,120191,N,72.3924335649381,-46.6532744570209,-69.1364872199651,21.4530827859145,72.3940481274349,20.8118490904069,22.3186873534914,55.1357785573657,-61.7701160933729,-69.0283751359001,-50.8433583042462,-46.4681196584994
MOD03.A2022204.2020.061.2022205025212.hdf,2022-07-23 20:20,61,120191,N,54.5578084841051,-29.873088247937,-51.2971126910081,20.7447848068144,54.5591724468953,22.0850114513121,20.7224841699244,45.8431660747829,-46.7246981134737,-51.3108713056934,-33.0814706148262,-29.7611857490605
MOD03.A2022204.2025.061.2022205025210.hdf,2022-07-23 20:25,61,120191,N,45.3878905097291,-12.4213572979177,-33.4355977998398,18.1916285063715,45.3916423918079,20.6661792767651,18.1696271964303,39.9182401787096,-29.9467809764978,-33.4548082929145,-15.2960871416497,-12.3623320332171
MOD03.A2022204.2030.061.2022205025211.hdf,2022-07-23 20:30,61,120191,N,39.6026697854076,5.3510587817792,-15.5233714854459,14.7560048076389,39.6082880770757,18.1684903232054,14.7450870133498,35.6232166727239,-12.4945625176552,-15.542668138897,2.44143088946268,5.3721396392895
MOD03.A2022204.2035.061.2022205025210.hdf,2022-07-23 20:35,61,120192,N,35.4653247537071,23.2665063680536,2.35167622927244,10.1252483111851,35.506716018753,14.7642450348251,10.0742500870872,32.318536878029,5.28278962559681,2.33422395872527,20.1202785845232,23.3834623151344
MOD03.A2022204.2040.061.2022205025218.hdf,2022-07-23 20:40,61,120192,N,32.3412947128989,41.2081714048086,20.0593652716699,3.30109929867355,32.5605771178028,10.1422800117652,3.17217837918117,30.0018277968779,23.2071892731774,20.0452796795813,37.4009137406547,41.4516959979104
MOD03.A2022204.2045.061.2022205025228.hdf,2022-07-23 20:45,61,120192,N,30.0381190298801,59.1153478450899,37.3661025333204,-8.48252099973455,30.4547820113046,3.32924795782242,-8.7765142450135,28.9089206898933,41.1407234653985,37.3557569470214,53.7049897935463,59.4503002579272
MOD03.A2022204.2050.061.2022205025256.hdf,2022-07-23 20:50,61,120192,B,32.6952197372187,77.040136182166,53.7433226306551,-34.1968801925112,29.6606630583654,-8.41938356579832,-34.6489060228461,32.8650778632097,59.0119499215973,53.7384720052031,67.0625376116029,77.2651024224809
MOD03.A2022204.2055.061.2022205025814.hdf,2022-07-23 20:55,61,120192,D,180,89.9877393428445,67.2728186604536,-180,34.2389498276165,-34.0508249191568,-85.8237385024645,174.518271223391,76.7027022117805,67.2721034947307,70.3486810422758,83.9601284182514
MOD03.A2022204.2100.061.2022205025319.hdf,2022-07-23 21:00,61,120192,D,-85.9119224793084,84.9894141846221,60.2864251146271,172.058961513838,169.081046410341,-85.9099097017448,-122.866175799337,-169.779131603634,84.2733932036162,70.7078421334876,60.0304859220364,66.5132706319815
MOD03.A2022204.2105.061.2022205025305.hdf,2022-07-23 21:05,61,120192,D,-123.452828060652,67.0623126129896,44.7418969162327,-169.92780434514,-170.613266289491,-123.451290341053,-139.089787153449,-169.874951935548,67.0018530519684,60.3439769353468,44.5897795836442,48.7183473778949
MOD03.A2022204.2110.061.2022205025313.hdf,2022-07-23 21:10,61,120192,D,-139.583135268134,49.1543557264639,27.738532760474,-171.758157253194,-170.206628947154,-139.580202596096,-147.68867748079,-171.778494444544,49.1723643838836,44.8098007906788,27.653241400435,30.8865971597283
MOD03.A2022204.2115.061.2022205025306.hdf,2022-07-23 21:15,61,120192,D,-148.044003677015,31.2242765173972,10.1663116886387,-174.527625419521,-171.941851278153,-148.039106648376,-153.256201914109,-174.550627499763,31.252871153111,27.8091639787814,10.1301007065814,13.0709365692581
MOD03.A2022204.2120.061.2022205025313.hdf,2022-07-23 21:20,61,120192,D,-153.451950544011,13.2841812046475,-7.65885798512854,-178.168082702209,-174.630441415388,-153.445745395777,-157.310448342132,-178.1755384939,13.3156452815396,10.2378960254822,-7.66297096066829,-4.64933079922768
MOD03.A2022204.2125.061.2022205025305.hdf,2022-07-23 21:25,61,120192,D,-157.337775667932,-4.57121308400074,-25.5694181168822,176.906669745001,-178.205318091402,-157.18181572508,-160.28599218296,176.898964493549,-4.54481359324485,-7.60353018156525,-25.7022968483926,-22.2705176892634
MOD03.A2022204.2130.061.2022205025311.hdf,2022-07-23 21:30,61,120192,D,-160.26045574338,-22.1978027629287,-43.462328095781,169.581567654222,176.925085546797,-159.925901362239,-162.360993075997,169.533490115486,-22.1819637257835,-25.5154749387917,-43.7231228980076,-39.4035868741606
MOD03.A2022204.2135.061.2022205025313.hdf,2022-07-23 21:35,61,120192,D,-162.32362582545,-39.3430702109945,-61.2977373981895,156.683971820363,169.614127776873,-161.784481154317,-162.967055247727,156.475290775684,-39.3316210713179,-43.3915232821278,-61.6348098466014,-55.3848760348887
MOD03.A2022204.2140.061.2022205025632.hdf,2022-07-23 21:40,61,120192,B,-156.633463665373,-55.3945343949073,-79.1435410288766,128.330712667901,156.7593432413,-162.092033707485,-156.283531561179,127.949636235171,-55.3886607749799,-61.1679423908707,-79.2769252547721,-67.8891043293988
MOD03.A2022204.2145.061.2022205030247.hdf,2022-07-23 21:45,61,120192,N,180,-68.1021202499728,-89.9877978553926,-180,128.50823379709,-155.070052932949,-13.733289617779,76.8377604385819,-68.1014302744462,-78.6886114730031,-82.0871978673812,-69.4671827928615
MOD03.A2022204.2150.061.2022205025650.hdf,2022-07-23 21:50,61,120192,N,76.6724099289299,-58.5983243130828,-83.0609601142265,-15.331630526937,76.6840797099187,-17.7734610634973,-2.49826270427273,42.94235373738,-69.8181701485703,-82.4517780341097,-64.5678563849022,-58.3478348232324
MOD03.A2022204.2155.061.2022205054809.hdf,2022-07-23 21:55,61,120192,N,42.3466846551326,-42.9742189618607,-65.1266516656619,-2.65596049549311,42.3481415872584,-3.1290591223726,-2.65085661458536,27.8649617436634,-58.6633832155371,-65.0668525490776,-46.8574288349043,-42.8073217858173
MOD03.A2022204.2200.061.2022205054729.hdf,2022-07-23 22:00,61,120192,N,27.3115186761361,-25.9981066927532,-47.2919844887609,-4.49696107131646,27.3135272137476,-2.84652647196714,-4.51743268600731,19.589963733568,-43.0463510620531,-47.3083807543761,-29.087303286874,-25.895119981332
MOD03.A2022204.2205.061.2022205054725.hdf,2022-07-23 22:05,61,120192,N,19.1439490399803,-8.44778659755761,-29.4150675564715,-7.24207727637793,19.148610789502,-4.56422862167484,-7.26367362338385,14.1066479583519,-26.0716121194064,-29.4386374991067,-11.3031025755519,-8.40263987182211
MOD03.A2022204.2210.061.2022205054722.hdf,2022-07-23 22:10,61,120192,N,13.8498033185427,9.36901812209742,-11.5038174447236,-10.8897192548664,13.8532447273649,-7.23583870892047,-10.8957167019357,10.0870767919301,-8.52136915613479,-11.5224251697749,6.42015821719873,9.39412219008204
MOD03.A2022204.2215.061.2022205054716.hdf,2022-07-23 22:15,61,120193,N,9.97401241843371,27.2972298741423,6.3478748867603,-15.8895298391478,10.0447977292467,-10.8804182269182,-15.9593176313399,6.99811614987218,9.30302678424816,6.33032997799871,24.0469276582924,27.443348761207
MOD03.A2022204.2220.061.2022205054720.hdf,2022-07-23 22:20,61,120193,N,7.02596179552126,45.2332669104954,23.991587004416,-23.4654610139888,7.28374044303346,-15.8697247354467,-23.6330580534612,4.88482824897933,27.2374492192623,23.9770727413664,41.1782437344148,45.5015227038892
MOD03.A2022204.2225.061.2022205054728.hdf,2022-07-23 22:25,61,120193,N,4.92556387405214,63.1404784278248,41.1573002557992,-37.2160442246101,5.40259027841107,-23.4319603846795,-37.5507593777977,4.2915578860833,45.1624939387692,41.1476474015201,57.0969250067374,63.4754263684118
MOD03.A2022204.2230.061.2022205054905.hdf,2022-07-23 22:30,61,120193,B,12.1770172783579,81.0678902099098,57.159831994343,-68.5486068828838,5.13512622272666,-37.14004097898,-68.9337645334167,12.6834318070265,63.0111159250535,57.1561265530064,69.066592591924,81.1766306032606
MOD03.A2022204.2235.061.2022205055225.hdf,2022-07-23 22:35,61,120193,D,180,89.9903747435301,69.2900971903884,-180,14.1720809772421,-68.3693934545083,-121.335026436671,158.82176211548,80.5812010997849,69.3237418041708,68.948011375754,80.2533449752337
MOD03.A2022204.2240.061.2022205054805.hdf,2022-07-23 22:40,61,120193,D,-121.647607922777,81.0501405207819,57.0206517173283,157.858837404707,155.951599913447,-121.643889431353,-152.400328369316,165.800459560604,80.6707911742654,69.3245800126663,56.7997312490931,62.5193067046705
MOD03.A2022204.2245.061.2022205054814.hdf,2022-07-23 22:45,61,120193,D,-152.9647827754,63.0356183221725,41.0001298776179,165.077959544283,165.138470693753,-152.963397477815,-166.155145519032,165.076435381566,63.0087993620862,57.0838065949549,40.8636010095777,44.7138749249624
MOD03.A2022204.2250.061.2022205054918.hdf,2022-07-23 22:50,61,120193,D,-166.62343539934,45.1296777703676,23.8238791695441,162.971535628401,164.796735316148,-166.619989215493,-173.847572139833,162.948828355412,45.1509283674284,41.068322793034,23.7513020821352,26.8793623259539
MOD03.A2022204.2255.061.2022205054913.hdf,2022-07-23 22:55,61,120193,D,-174.168262799154,27.1905389876101,6.17476103715904,160.019393198196,162.808403315398,-174.163026371806,-178.991882136757,159.998299201037,27.220422059292,23.8949911990192,6.14720412834987,9.07575258500571
MOD03.A2022204.2300.061.2022205054855.hdf,2022-07-23 23:00,61,120193,D,-179.15026491531,9.25927616907542,-11.6817401022111,156.142770628834,159.931626237763,-179.130990989613,177.203765461112,156.135904768366,9.29033572560343,6.24427637398849,-11.7090698961195,-8.63358057546326
MOD03.A2022204.2305.061.2022205054911.hdf,2022-07-23 23:05,61,120193,D,177.209564735786,-8.5598081015199,-29.5959420906333,150.821134260423,156.128798670498,177.40606392653,174.444978843079,150.813053153736,-8.53722303861901,-11.6285295511726,-29.7589596651592,-26.1810193861053
MOD03.A2022204.2310.061.2022205054855.hdf,2022-07-23 23:10,61,120193,D,174.474276650279,-26.1085368377873,-47.4748939229288,142.638561512922,150.841462893359,174.852881129066,172.605953860622,142.572807438077,-26.0942280139919,-29.5395062396923,-47.7620253588374,-43.1370038173573
MOD03.A2022204.2315.061.2022205054933.hdf,2022-07-23 23:15,61,120193,D,172.653992029044,-43.0832275343017,-65.3089922927813,127.523928334657,142.677016104518,173.23883594734,172.634401688974,127.268487140627,-43.0728814160708,-47.3981683214989,-65.6371159586913,-58.6573285289508
MOD03.A2022204.2320.061.2022205055221.hdf,2022-07-23 23:20,61,120193,N,-174.118656501403,-58.6944493654233,-83.1545379360609,93.2885359719226,127.616037973099,173.605087152457,-173.050047991637,92.9700879129941,-58.6898760605702,-65.1421100084344,-83.0706916580062,-69.5487905603053
MOD03.A2022204.2325.061.2022205055503.hdf,2022-07-23 23:25,61,120193,N,180,-68.056410835142,-89.986505154108,-180,93.5002542646555,-171.936354267525,-32.4484321859726,41.9495630891538,-69.8395110052902,-82.4392322852708,-78.2474903806648,-67.7707705979505
MOD03.A2022204.2330.061.2022205055013.hdf,2022-07-23 23:30,61,120193,N,41.6613382780943,-55.3674320686063,-79.0503022379631,-33.2031270948701,41.6633207474284,-34.6589598829516,-26.9794729686397,13.9200837231561,-68.0973351613721,-78.6972902273416,-60.6842709557073,-55.1322619414747
MOD03.A2022204.2335.061.2022205054746.hdf,2022-07-23 23:35,61,120193,N,13.3071265060986,-39.233023518328,-61.2042035971071,-27.6934876880307,13.3084466252758,-27.4708420972785,-27.6970344279021,0.910869484580096,-55.4347028073284,-61.177663737102,-42.8661030983726,-39.0825527133392
MOD03.A2022204.2340.061.2022205054727.hdf,2022-07-23 23:40,61,120193,N,0.381687818430777,-22.0855025360564,-43.2814444390723,-29.7635308058166,0.384272393608858,-27.847013862175,-29.7859994389287,-6.52995253026516,-39.3057302159026,-43.2998823135177,-25.0905403068334,-21.9999280501012
MOD03.A2022204.2345.061.2022205054729.hdf,2022-07-23 23:45,61,120193,N,-6.92269307767003,-4.46061167771317,-25.391130055247,-32.6959659489294,-6.91819155806315,-29.8122446696232,-32.7149216060583,-11.5964180045975,-22.1592191104888,-25.4126425595625,-7.31573950997751,-4.42180686558304
MOD03.A2022204.2350.061.2022205054728.hdf,2022-07-23 23:50,61,120193,N,-11.8360378218164,13.3922886564042,-7.4837327828892,-36.5904259344348,-11.8303300481984,-32.6882160292535,-36.6090716431686,-15.4072757337964,-4.53403812732506,-7.50197607818194,10.4060679648906,13.4428001072389
MOD03.A2022204.2355.061.2022205070247.hdf,2022-07-23 23:55,61,120194,N,-15.4735597422752,31.3293405598112,10.3363622718656,-42.0174641543481,-15.3595162360756,-36.5791425173352,-42.1052248524192,-18.2675263545629,13.3295503146823,10.319845306606,27.9526884883475,31.504930483741
